0,1,1,0,1,0,1,0,1,1,1,0,1,0,1,1,0,0,0,1,0,1,0,0,0,0,1,0,1,1,0,0,0,0,1,0,0
1,1,1,0,1,1,0,0,1,0,1,1,1,1,1,1,1,0,0,0,1,1,0,0,0,1,0,1,1,0,1,0,0,1,0,0,1
2,1,1,0,1,1,1,0,1,0,0,1,0,1,0,0,0,0,0,0,0,1,0,0,1,0,0,0,1,0,0,0,0,1,1,1,0
3,1,1,1,0,0,1,0,0,0,1,1,1,1,0,0,1,1,1,1,0,1,0,0,1,1,1,0,0,1,0,0,1,1,0,0,0
4,1,1,1,0,1,0,1,1,1,1,0,0,1,0,1,1,1,1,0,0,1,0,1,0,1,0,0,0,0,0,1,0,0,0,1,0
5,1,1,1,1,0,0,1,1,0,0,0,1,1,1,0,1,1,0,1,0,1,0,1,1,0,0,1,1,1,0,1,0,1,1,0,0
6,0,0,0,0,0,1,0,1,0,1,1,0,1,0,1,0,0,1,0,1,1,1,0,1,0,0,0,0,1,0,0,0,0,1,0,1
7,0,0,0,1,0,0,0,0,0,1,1,0,0,1,0,1,0,0,1,0,1,1,1,0,0,0,0,1,1,1,0,1,0,1,0,0
8,0,0,1,0,0,0,1,0,1,0,1,1,0,0,0,1,1,1,0,1,1,1,1,1,1,1,1,0,1,0,1,0,1,1,0,1
9,0,0,1,0,0,1,1,0,0,1,0,1,1,0,1,0,1,1,0,1,0,0,0,0,0,1,0,0,0,1,1,1,0,0,1,0
10,0,0,1,1,0,1,0,0,1,1,1,1,1,1,1,0,1,0,0,1,0,0,0,1,1,0,1,1,1,0,0,0,0,1,1,0
11,0,0,1,1,1,1,1,1,1,1,1,1,1,0,0,1,0,1,1,0,0,0,1,0,1,1,0,0,1,1,0,1,0,1,0,1
12,0,1,0,0,0,0,1,1,1,0,1,0,0,0,1,0,0,1,0,1,0,0,1,1,0,0,1,0,1,0,0,1,1,0,1,0
13,0,1,0,0,0,1,1,1,0,1,0,0,1,0,1,1,0,1,0,0,0,0,1,1,1,0,0,0,0,1,0,1,1,1,1,1
14,0,1,0,0,1,1,1,0,1,0,0,1,1,1,0,1,0,0,1,0,0,1,0,0,0,0,1,1,1,1,1,0,1,0,0,1
15,0,1,0,1,0,0,1,0,0,1,0,0,0,1,1,0,0,0,0,1,0,1,0,0,1,0,0,1,1,0,1,0,1,1,1,0
16,0,1,0,1,1,0,0,1,1,0,0,1,0,1,1,1,1,1,1,1,0,1,0,1,0,1,0,1,0,0,1,1,1,0,0,0
17,0,1,1,0,1,0,0,0,0,0,1,1,1,0,1,1,1,0,1,1,0,1,1,0,1,1,0,0,0,1,0,0,1,1,0,0
18,0,1,1,0,1,0,1,1,1,1,1,0,0,1,0,0,1,0,1,0,0,1,1,1,0,0,1,0,0,0,0,1,0,0,0,1
19,0,1,1,1,1,1,1,0,0,0,1,1,0,0,0,1,0,1,0,1,1,0,0,0,1,1,1,0,1,1,1,0,1,0,1,0
20,1,0,0,0,0,0,0,1,1,1,0,1,1,0,1,0,0,1,0,0,1,0,0,1,0,1,0,0,1,0,1,0,1,1,1,1
21,1,0,0,0,0,1,0,1,1,0,0,0,0,0,1,1,0,0,1,1,1,0,0,1,1,0,1,0,0,1,1,1,0,1,0,0
22,1,0,0,0,1,1,0,0,1,1,0,1,0,1,0,1,0,0,0,1,1,0,1,0,0,1,0,1,1,1,1,1,1,1,1,0
23,1,0,0,1,1,1,1,1,0,0,1,0,0,0,0,1,1,1,0,0,1,1,0,0,0,0,1,0,1,1,0,1,0,1,1,1
24,1,0,1,0,0,0,1,0,1,1,0,0,1,0,1,0,1,0,1,1,1,1,0,0,1,0,0,0,1,0,0,1,1,1,0,0
25,1,0,1,0,1,1,0,1,1,1,0,0,0,1,0,1,1,0,0,0,1,1,0,1,1,0,0,1,1,1,1,0,1,0,1,1
26,1,0,1,1,0,0,0,1,0,1,1,0,1,1,1,0,0,1,1,1,1,1,0,1,1,1,1,1,1,0,1,1,0,0,0,0
27,1,0,1,1,1,0,0,0,1,1,0,0,0,0,0,0,0,1,0,1,1,1,1,0,1,0,1,1,0,0,1,1,1,0,1,0
28,1,1,0,1,0,0,1,0,0,1,0,1,1,1,1,0,1,1,1,1,0,0,0,1,0,0,1,1,1,0,0,1,1,1,0,1
29,1,1,0,1,0,1,1,0,0,0,0,0,0,1,1,1,1,1,1,0,0,0,0,1,1,0,0,1,0,1,1,0,0,0,1,0
30,1,1,1,0,0,1,0,0,1,0,1,0,1,0,1,1,1,0,1,0,0,0,1,1,0,0,0,0,0,1,1,1,0,1,1,0
31,0,0,1,0,1,1,0,1,1,1,0,1,1,1,1,0,0,1,1,0,1,0,1,0,0,0,1,1,1,1,0,1,1,0,1,0
32,0,1,0,0,0,0,1,1,1,1,0,1,0,1,0,0,0,0,0,0,1,1,0,0,0,1,1,0,0,1,1,1,1,0,0,0
33,0,1,0,1,0,1,1,0,0,0,1,0,0,0,0,0,1,0,1,1,1,1,1,0,0,0,1,1,0,1,0,1,0,0,0,1
34,0,1,1,0,0,1,0,0,1,1,0,0,0,1,0,0,0,1,1,1,1,1,1,1,1,0,1,0,0,1,1,0,0,1,0,1
35,0,1,1,0,1,0,0,0,0,1,1,0,1,1,0,1,0,1,1,1,0,0,0,0,0,0,0,0,0,0,1,0,1,0,1,0
36,0,1,1,0,1,1,0,0,0,0,0,1,0,1,1,0,0,1,1,0,0,0,0,0,0,1,0,1,1,1,1,0,1,1,1,1
37,0,1,1,0,1,1,1,1,1,0,1,1,1,1,1,1,0,1,0,1,0,0,0,0,1,0,1,1,1,0,1,1,0,1,0,0
38,1,0,0,0,1,1,0,1,0,0,0,0,0,1,1,0,1,1,0,1,0,0,1,1,1,0,0,1,1,1,0,1,1,1,0,0
39,1,0,0,1,1,1,1,1,0,1,0,1,0,0,1,1,1,0,0,0,0,1,0,1,0,1,1,0,1,0,1,1,0,1,0,1
40,1,0,1,0,1,1,0,1,1,1,1,1,0,1,1,1,0,1,0,0,0,1,1,0,1,1,0,1,1,1,0,0,1,0,0,1
41,1,0,1,1,1,1,0,0,1,0,0,1,1,0,1,1,0,0,0,0,1,0,0,0,0,1,0,0,1,1,0,1,1,1,0,1
42,1,1,0,1,0,0,1,0,1,0,0,1,0,0,0,0,1,0,1,0,1,0,1,0,0,1,1,1,0,1,1,1,1,0,1,1
43,1,1,0,1,1,0,0,1,1,1,1,0,0,0,1,0,1,0,0,0,1,0,1,1,0,0,1,1,0,0,0,0,0,1,0,1
44,1,1,1,0,0,1,0,0,1,1,0,1,1,1,0,1,0,1,0,1,1,1,0,0,0,1,0,0,0,1,0,1,0,1,0,0
45,1,1,1,1,1,0,1,0,1,1,0,1,0,0,1,0,1,1,1,1,1,1,1,0,0,1,1,0,1,1,1,1,0,0,1,0
46,0,0,0,1,1,0,0,0,0,0,0,1,1,0,1,0,1,0,0,0,0,0,0,1,0,1,0,1,0,0,0,1,1,0,1,0
47,0,0,1,0,0,1,1,0,1,0,1,1,1,1,1,0,0,1,0,0,0,0,1,0,1,1,0,0,0,0,1,0,1,1,1,0
48,0,0,1,0,1,1,1,0,0,0,0,1,0,0,0,0,0,0,1,0,0,0,1,1,0,1,1,1,1,0,1,1,1,0,0,0
49,0,1,0,0,0,0,0,0,0,1,0,1,1,1,0,0,1,1,0,1,0,1,0,1,0,1,0,0,1,0,0,1,0,0,0,1
50,0,1,1,1,0,1,1,1,0,1,0,0,0,0,1,0,1,1,1,0,1,0,1,0,1,0,1,1,0,0,0,1,1,1,0,0
51,1,0,0,0,0,1,0,1,1,1,1,0,0,1,1,0,1,0,1,0,1,1,0,0,0,0,1,0,0,0,1,1,0,0,0,0
52,1,0,0,0,1,1,0,1,0,0,1,1,1,0,0,0,1,0,0,0,1,1,0,0,1,1,0,1,1,0,1,1,1,0,1,0
53,1,0,0,1,1,1,1,1,1,0,0,0,0,1,0,1,0,0,1,1,1,1,1,0,1,0,1,0,1,0,0,1,0,0,1,1
54,1,1,0,0,0,1,0,0,0,0,0,1,1,1,1,0,1,0,1,0,0,0,1,0,0,1,0,0,0,1,0,0,0,1,0,1
55,1,1,0,0,1,1,1,1,0,0,0,1,1,0,0,1,0,1,1,1,0,0,1,1,0,1,0,1,1,0,0,1,0,1,0,0
56,0,0,0,1,0,1,0,0,1,0,1,0,0,0,1,1,0,1,0,0,1,0,1,0,0,0,1,1,0,0,1,1,0,0,1,1
57,0,0,1,1,0,0,0,1,1,1,1,0,1,0,1,0,1,1,0,0,1,1,0,1,0,0,0,1,0,1,0,1,1,0,1,1
58,0,1,1,0,1,1,0,0,0,1,1,1,1,0,0,1,1,1,0,1,0,0,1,0,1,1,0,1,1,0,1,0,1,0,1,1
59,0,1,1,1,0,0,1,1,1,1,0,0,1,0,1,1,1,0,1,1,0,0,1,1,1,0,0,1,0,0,1,1,0,1,0,1
60,1,0,0,0,1,0,0,1,1,1,0,0,0,0,0,1,0,1,0,1,0,1,0,1,1,0,1,1,1,1,0,1,0,0,1,1
61,1,0,0,0,1,1,0,1,0,1,1,0,1,0,1,0,0,1,0,0,0,1,1,0,0,0,0,1,1,0,0,1,1,0,0,0
62,1,0,0,1,0,0,0,1,0,0,0,1,0,0,1,1,0,0,1,1,0,1,1,0,0,1,1,1,0,1,0,1,1,1,0,1
63,1,0,1,0,0,1,1,1,0,0,0,0,1,0,0,0,1,1,0,1,1,0,0,0,1,0,0,1,1,1,1,1,1,0,1,1
64,1,0,1,0,1,1,1,0,0,1,0,1,1,0,1,0,1,0,1,1,1,0,0,1,0,1,0,1,1,0,0,0,0,1,0,1
65,1,0,1,1,1,0,0,1,0,1,0,1,0,1,0,1,1,0,0,0,1,0,1,0,0,1,1,0,1,1,0,1,0,1,0,0
66,1,0,1,1,1,0,0,1,1,0,0,0,0,1,1,1,0,1,0,0,0,0,1,1,1,0,1,0,1,0,1,1,0,0,1,0
67,1,1,0,1,0,1,1,0,1,1,0,0,1,1,1,0,1,1,0,0,0,1,1,0,1,0,0,0,1,1,0,1,1,0,1,0
68,0,0,0,1,0,1,0,1,0,0,0,0,0,1,1,0,1,0,1,1,1,1,0,0,1,0,1,0,1,1,1,0,1,1,1,1
69,0,1,0,0,1,0,1,1,1,1,1,0,1,1,0,0,1,1,0,1,0,0,1,0,0,0,0,1,0,1,1,1,1,0,1,0
70,0,1,0,0,1,1,1,1,1,0,0,1,0,1,0,1,1,1,0,0,0,0,1,0,0,1,1,1,0,0,1,1,1,1,1,1
71,0,1,1,0,0,1,0,1,1,0,0,0,1,0,1,1,0,1,1,0,0,1,0,0,1,0,0,1,1,1,0,1,1,1,0,1
72,1,0,1,0,0,1,1,1,0,1,1,0,1,1,0,0,0,1,0,0,1,0,1,1,0,0,0,1,1,0,1,1,0,1,1,1
73,1,1,1,0,1,1,0,0,1,1,1,1,0,1,1,0,0,0,1,0,0,0,0,1,1,1,1,1,0,1,0,1,0,1,1,0
74,0,0,0,1,1,1,0,0,1,0,0,0,1,0,1,0,0,1,0,1,0,1,1,0,1,0,1,0,0,1,0,1,0,1,1,1
75,0,0,1,1,0,1,1,0,0,0,1,0,1,0,0,0,1,1,1,0,1,0,0,1,0,0,1,0,1,0,1,1,1,0,1,0
76,0,1,0,1,0,0,1,1,0,1,1,1,0,0,0,0,0,1,1,0,1,1,0,0,0,0,0,0,1,1,1,0,0,0,1,0
77,0,1,0,1,1,1,1,0,0,1,1,0,1,0,1,1,0,0,1,1,1,1,0,1,0,0,1,0,0,0,1,1,0,0,0,1
78,0,1,1,1,1,0,0,0,0,0,0,0,1,0,0,1,1,1,0,0,1,1,1,1,1,0,1,0,1,0,0,1,0,1,0,0
79,1,1,1,0,1,0,0,1,0,1,1,1,1,1,1,0,1,1,1,0,1,0,1,0,1,1,0,1,0,1,1,0,1,1,1,1
80,0,1,0,1,1,0,1,0,1,1,1,1,0,1,0,0,0,0,0,0,0,1,1,0,0,0,0,0,0,1,0,0,1,0,1,0
81,0,1,1,1,0,1,0,0,1,0,0,1,0,0,1,0,1,0,0,1,1,0,0,0,1,0,0,0,1,0,1,0,1,1,0,1
82,1,1,1,0,1,1,0,1,0,1,0,1,1,0,0,1,1,0,0,1,0,1,0,0,0,1,1,1,0,0,0,1,0,0,1,0
83,0,1,0,1,1,1,1,0,1,1,0,0,1,1,1,0,1,0,1,0,1,1,1,1,1,0,0,1,1,1,1,0,1,1,0,1
84,0,1,1,1,1,1,0,0,0,0,0,1,0,1,1,0,0,0,1,1,0,0,1,0,1,0,0,0,0,0,0,1,0,1,0,1
85,1,1,0,0,0,0,0,1,1,0,1,0,0,0,0,0,0,0,0,0,1,0,0,1,0,1,0,1,1,0,1,1,0,1,0,0
86,1,1,1,0,1,0,0,1,1,1,1,0,0,0,1,0,0,1,0,1,1,1,0,1,0,1,0,1,0,0,1,0,1,0,1,1
87,0,0,1,1,1,0,1,0,0,1,1,0,0,1,1,1,0,0,0,0,0,1,0,1,0,1,0,0,0,0,0,1,1,0,0,1
88,1,0,1,0,1,0,0,0,0,0,1,1,0,0,1,1,0,0,1,1,0,0,0,0,0,0,0,1,0,0,1,0,1,1,1,1
89,0,1,0,0,1,1,0,0,1,1,1,0,0,1,0,1,0,1,1,1,0,0,0,0,0,1,0,0,1,1,0,1,0,0,0,0
90,0,1,0,1,0,0,0,0,1,0,0,0,1,1,1,0,0,1,1,0,0,0,0,0,1,0,1,0,1,0,0,1,0,1,0,1
91,1,0,0,0,0,1,1,1,0,1,1,1,0,1,0,0,0,1,1,1,0,1,1,0,0,0,0,1,0,0,1,0,0,0,0,0
92,1,0,1,0,1,0,0,0,0,1,1,0,0,1,0,0,1,1,1,0,1,0,0,1,0,1,0,1,0,0,0,0,1,1,0,1
93,1,1,1,0,1,0,1,0,0,1,0,0,0,1,0,1,1,1,0,0,1,1,1,1,1,1,0,0,1,1,1,0,0,1,1,1
94,0,0,0,1,1,0,0,1,1,1,0,1,1,0,1,0,0,0,0,0,0,1,0,0,0,1,1,1,1,1,1,0,1,0,0,0
95,0,0,1,0,0,1,0,0,1,1,0,1,0,1,0,0,1,1,0,1,0,1,0,1,1,0,0,1,0,0,1,1,0,1,1,1
96,0,1,1,0,1,1,1,0,0,0,0,0,0,1,1,1,1,0,0,1,1,1,0,0,1,1,0,0,1,0,0,1,1,0,1,1
97,1,0,0,1,1,0,0,1,1,1,1,1,0,0,1,0,1,1,1,0,0,0,0,1,0,0,0,1,1,1,0,1,0,1,1,1
98,0,0,1,1,0,0,1,1,1,0,1,0,1,0,1,0,0,1,0,1,0,0,0,0,0,1,0,0,0,0,1,0,1,0,0,1
99,0,1,0,0,1,0,0,1,1,0,0,1,1,1,1,1,1,1,1,1,0,0,1,0,0,1,1,0,1,1,0,0,0,1,1,1
100,0,1,0,1,0,0,0,0,1,1,1,1,0,0,0,1,1,1,0,1,0,0,1,1,0,0,1,0,0,1,0,1,0,0,0,1
101,0,1,1,0,0,1,1,0,1,1,1,0,0,1,1,1,0,1,1,1,0,1,0,1,0,1,0,0,1,1,1,0,1,1,1,1
102,1,0,0,1,0,1,1,0,1,0,1,0,1,1,0,1,0,1,1,0,0,0,1,1,0,0,1,1,1,1,0,0,1,1,1,0
103,1,0,0,1,1,0,1,0,0,1,0,1,0,1,1,0,0,1,0,1,0,0,1,1,1,0,0,1,1,0,0,1,0,0,1,1
104,1,0,1,0,1,1,0,0,1,0,1,0,0,0,1,1,0,0,0,0,0,1,0,1,0,1,1,0,0,1,1,0,1,1,0,0
105,1,1,0,0,0,0,1,0,1,0,0,1,1,0,0,0,1,0,1,0,0,1,1,1,1,0,0,1,0,0,0,0,1,0,1,0
106,1,0,0,0,1,0,1,1,1,1,1,0,0,1,0,0,0,1,0,0,1,0,1,1,0,1,1,0,0,1,0,1,1,1,0,1
107,1,1,0,1,1,1,0,0,0,1,1,0,1,0,0,0,1,1,1,1,0,0,1,1,0,1,0,1,0,1,0,0,1,0,1,1
108,0,0,0,1,0,1,1,0,1,1,1,1,0,1,1,1,1,1,1,1,1,0,0,1,0,0,0,1,1,0,0,1,1,0,1,1
109,0,1,0,0,1,1,0,1,1,1,0,1,1,1,1,0,0,0,0,0,1,1,1,0,1,0,0,0,0,0,1,0,0,1,1,0
110,1,1,0,1,0,1,0,1,0,1,0,0,1,0,0,0,1,1,0,0,1,0,1,1,1,1,0,1,1,0,0,1,1,1,1,1
111,1,1,1,0,0,0,0,0,0,1,0,0,0,0,1,1,1,0,0,1,1,1,0,0,1,1,1,0,1,1,1,0,1,1,1,0
112,1,1,1,1,1,1,0,1,1,0,0,0,1,0,1,1,0,0,0,1,1,1,1,1,1,1,0,1,0,0,0,1,0,1,1,0
113,0,1,1,1,0,1,1,0,0,1,0,1,0,0,1,0,0,0,0,1,1,0,1,1,1,0,1,1,0,1,1,1,1,0,1,1
114,1,1,0,1,1,0,0,1,0,0,1,0,0,0,1,1,0,1,1,1,0,1,0,1,0,1,1,1,0,1,0,0,0,0,1,0
115,1,1,0,0,1,0,1,0,1,0,1,1,0,0,0,1,0,1,1,0,1,1,0,1,0,1,0,0,0,0,0,0,1,1,0,0
116,0,1,1,1,0,0,1,1,0,0,0,0,1,1,0,0,1,0,0,1,1,1,0,1,1,1,0,1,0,1,1,1,0,0,1,0
117,1,0,1,0,1,1,0,1,1,0,0,1,1,0,1,1,1,0,1,0,0,0,1,1,1,0,0,1,1,1,0,0,0,0,1,0
118,1,0,1,1,0,0,0,1,0,1,0,0,0,1,0,0,1,0,0,1,0,0,1,1,1,1,1,1,1,0,0,0,0,1,1,1
119,0,1,0,1,0,0,1,0,1,0,1,1,0,0,0,1,0,1,0,1,0,1,1,0,0,1,0,1,0,0,0,1,1,1,1,1
120,0,0,0,1,1,0,0,0,0,1,0,1,0,1,0,0,0,0,0,0,1,0,0,1,1,1,0,0,1,0,1,0,1,1,0,1
121,0,1,1,1,0,1,1,1,1,0,1,0,1,1,1,0,0,0,1,0,1,1,0,0,0,1,1,0,1,0,0,0,1,1,0,1
122,1,0,0,1,0,1,0,0,1,1,1,1,0,1,0,1,1,0,1,0,1,1,1,1,0,1,0,0,1,0,1,1,0,1,0,1
123,0,0,0,0,1,0,1,0,0,0,0,1,0,0,1,1,1,0,1,1,1,0,1,0,1,1,0,1,0,1,0,1,0,1,0,1
124,0,1,1,0,0,0,0,1,1,1,1,0,1,0,1,0,0,1,0,0,0,0,1,1,0,1,1,1,1,1,0,0,1,1,0,1
125,1,0,1,0,0,0,0,0,0,0,1,0,0,0,1,0,0,0,1,1,1,0,0,1,1,0,0,1,1,1,1,0,0,0,1,0
126,0,0,1,0,0,0,0,0,0,0,1,1,1,0,1,1,0,0,0,1,0,1,1,0,0,0,1,1,1,1,0,1,0,0,0,1
127,0,1,1,1,1,0,1,1,1,0,1,1,1,0,1,0,1,0,0,0,1,1,1,1,0,1,0,0,0,0,0,0,1,1,1,0
128,1,0,0,1,0,1,0,1,1,0,1,1,1,1,0,0,1,0,0,1,0,1,0,0,0,1,0,0,0,0,1,0,1,1,0,1
129,0,1,0,0,0,0,0,1,1,1,0,0,0,0,0,0,1,0,1,1,0,1,0,1,0,0,1,1,0,1,0,1,1,0,0,0
130,1,0,0,0,1,1,1,0,1,0,0,1,1,1,0,0,0,1,1,0,1,1,0,0,1,1,0,0,1,0,0,0,0,0,0,1
131,0,0,0,0,1,1,1,0,1,0,1,1,0,1,0,1,0,1,0,0,1,0,0,1,0,1,1,0,0,1,1,1,0,0,0,0
132,1,0,0,1,1,1,0,1,1,0,1,0,0,0,1,1,1,0,1,0,0,0,0,0,1,0,1,1,0,1,0,1,0,0,0,1
133,1,1,0,1,1,0,0,0,0,0,1,1,0,0,1,0,1,0,1,0,0,1,1,0,0,1,1,1,1,0,1,0,0,0,0,1
134,1,1,0,1,1,1,0,0,1,1,0,1,0,1,0,0,0,0,1,1,0,1,0,1,0,0,0,0,1,0,1,1,1,1,0,0
135,0,1,0,0,1,0,1,0,1,0,1,0,0,0,0,0,0,1,0,1,1,1,1,1,1,1,0,1,1,1,0,1,0,0,1,0
136,0,1,1,0,0,0,0,0,1,1,0,0,0,1,1,1,1,0,1,1,1,0,1,1,0,1,0,0,0,1,0,0,1,1,1,0
137,0,1,0,0,1,0,1,1,0,0,1,1,0,1,0,1,1,0,0,0,1,0,1,1,1,0,0,1,0,1,1,0,1,1,0,0
138,0,0,0,0,0,1,1,0,0,1,1,1,0,0,1,0,1,0,0,1,1,0,0,1,1,0,1,1,0,1,0,0,0,1,0,1
139,1,0,1,1,1,0,0,1,1,1,0,0,1,0,0,0,1,0,0,1,1,0,1,1,0,1,0,1,1,1,1,1,1,0,1,0
140,0,1,1,0,1,0,0,1,0,1,1,1,0,1,0,1,1,0,1,0,1,1,0,0,1,0,1,0,1,1,1,0,1,0,1,0
141,0,1,1,0,0,0,1,0,1,0,1,1,1,0,0,0,1,1,1,1,0,1,1,1,1,0,1,0,1,1,1,1,1,0,1,0
142,0,0,1,1,0,0,1,1,0,1,0,1,0,1,1,0,0,1,1,1,1,1,0,0,0,0,1,1,1,1,0,1,0,1,1,1
143,1,0,1,1,1,0,1,0,1,1,0,0,0,0,0,1,0,0,1,1,1,0,0,1,1,0,0,1,0,1,0,1,0,0,0,0
144,1,0,1,0,0,1,0,1,1,0,0,1,0,0,1,0,0,1,1,1,1,1,0,0,0,1,1,0,0,0,1,0,1,0,1,0
145,0,1,0,1,1,1,0,0,1,0,0,1,0,0,0,1,0,1,1,0,1,1,1,0,0,1,1,0,1,0,1,0,0,1,0,0
146,0,0,1,0,0,1,1,0,0,0,0,0,1,1,1,0,1,1,0,0,1,0,1,1,0,1,1,1,1,1,0,1,0,1,0,1
147,0,0,1,0,1,0,0,1,1,0,1,1,0,1,1,1,1,0,1,1,1,0,1,1,1,1,0,1,1,0,0,1,1,0,1,0
148,1,0,0,1,0,0,0,0,0,0,1,1,0,0,1,0,0,0,0,0,0,1,0,1,1,1,1,1,0,0,1,0,0,1,1,0
149,1,0,1,0,1,1,1,0,0,1,1,1,0,0,1,0,0,0,1,0,0,1,1,1,0,0,0,0,1,0,1,0,0,1,0,0
150,0,0,1,1,1,1,0,1,0,0,1,0,1,1,1,0,1,1,0,0,0,1,0,1,0,0,0,1,1,0,1,0,0,1,1,1
151,1,0,0,0,0,0,1,0,1,1,1,0,1,0,1,0,0,1,0,1,0,1,0,1,0,0,1,1,0,0,1,0,0,1,0,0
152,0,0,0,1,0,0,0,1,1,0,1,0,0,1,1,0,1,1,1,1,0,0,1,1,0,1,0,0,0,0,1,0,0,1,1,1
153,0,0,0,1,1,1,0,0,1,0,1,0,0,0,0,1,1,1,0,0,0,1,0,0,0,1,0,1,0,1,1,1,0,1,1,0
154,1,0,1,0,0,1,0,0,0,0,0,0,1,1,0,0,1,0,0,0,0,0,0,1,1,0,1,0,1,1,1,0,1,1,1,1
155,1,0,1,1,1,1,0,1,1,1,0,1,1,1,0,0,1,1,0,0,1,1,0,1,0,1,1,1,0,0,1,1,0,0,0,0
156,0,0,0,0,1,1,1,0,0,1,1,0,0,0,0,1,0,1,1,1,0,1,0,1,0,1,1,0,0,0,0,1,1,1,1,0
157,1,0,0,1,0,1,1,0,1,0,0,1,0,0,1,1,0,0,0,1,0,1,1,1,1,0,1,1,0,0,0,0,1,1,1,1
158,0,1,1,0,0,1,1,1,1,1,1,1,0,1,1,1,1,0,0,0,0,0,0,1,0,0,1,1,0,1,1,0,0,1,0,0
159,0,1,1,0,0,0,0,1,0,0,0,0,1,0,0,1,0,0,0,1,0,0,1,0,1,1,1,1,1,0,0,1,0,1,1,0
160,1,0,1,1,0,0,1,0,0,1,0,1,0,1,0,0,1,0,0,1,1,1,1,1,1,1,0,1,1,1,1,1,1,1,0,0
161,0,0,0,0,0,1,1,0,1,1,1,0,0,1,0,1,1,0,1,0,1,0,1,0,1,0,1,0,0,1,1,0,1,0,1,1
162,1,0,1,1,0,1,1,0,1,1,0,0,0,1,0,0,0,1,1,1,0,1,0,1,0,0,1,1,0,0,1,1,1,0,0,1
163,1,1,0,0,0,1,0,1,0,1,1,0,1,0,0,0,0,0,1,1,0,1,1,0,1,0,1,0,0,1,0,0,1,1,0,1
164,1,0,0,0,0,1,0,0,0,1,0,0,1,1,1,0,0,0,1,1,0,1,0,1,0,0,0,1,1,1,1,0,1,0,1,1
165,0,1,0,0,0,1,1,0,0,1,0,0,0,1,1,1,1,1,1,1,1,0,0,0,0,0,1,1,1,0,1,1,0,1,0,0
166,0,0,0,0,1,0,0,1,0,0,0,0,1,0,0,0,1,0,1,0,0,0,0,0,0,1,0,0,1,1,1,1,0,1,0,1
167,0,1,1,1,1,1,1,1,0,1,0,1,0,0,0,1,0,0,0,0,0,0,1,1,0,1,0,0,1,1,0,0,1,0,0,1
168,1,0,1,0,1,1,1,0,1,1,1,0,0,1,0,1,0,0,1,1,0,1,1,1,1,1,1,1,1,1,0,0,1,0,1,0
169,0,1,0,1,1,1,1,0,1,0,0,1,0,0,1,0,0,1,0,0,1,0,0,1,0,1,0,0,1,0,1,1,1,0,1,0
170,1,1,0,1,0,1,0,0,0,1,0,0,0,1,0,1,1,0,0,0,0,0,0,0,1,0,0,0,1,1,1,1,0,1,0,0
171,0,0,1,0,1,0,0,0,1,1,0,1,0,1,1,0,1,0,0,0,1,0,1,1,0,1,0,1,0,1,1,0,0,0,1,1
172,0,0,0,0,0,1,0,0,1,1,0,1,0,0,1,0,0,1,0,1,0,0,1,1,0,1,1,1,0,1,0,0,1,0,1,1
173,0,0,1,0,1,0,1,1,1,1,0,0,0,0,0,0,0,1,1,0,0,1,0,1,1,1,1,1,0,1,1,0,0,1,0,1
174,1,0,0,1,0,1,1,0,1,1,0,1,1,1,0,0,0,0,1,1,1,1,1,0,1,0,1,0,0,0,0,0,1,1,0,0
175,0,1,0,0,1,0,1,1,0,0,1,0,1,0,1,0,1,1,0,1,1,1,1,0,1,0,0,0,0,0,0,1,0,1,1,1
176,0,0,0,0,0,1,1,1,1,1,0,0,0,0,1,1,1,1,1,1,1,1,0,1,0,1,0,1,0,0,0,0,0,0,1,0
177,1,1,1,0,0,1,1,1,0,1,1,0,1,0,0,0,1,0,1,1,0,1,0,1,1,1,0,0,1,0,1,0,1,1,1,1
178,0,0,0,1,0,1,1,1,0,1,1,0,0,0,0,0,0,1,0,1,1,1,0,0,1,1,1,1,0,1,1,0,1,1,0,0
179,0,0,0,1,1,0,0,0,0,0,1,0,0,1,1,1,0,1,0,0,0,0,0,1,1,1,1,0,1,1,1,0,0,1,0,0
180,0,1,1,0,0,0,1,0,1,0,0,0,0,1,0,0,0,1,1,0,0,0,0,0,1,0,0,1,0,1,1,1,1,1,0,0
181,0,1,1,1,0,0,1,0,1,0,1,1,0,1,0,1,1,1,1,0,1,0,1,1,1,1,1,1,1,0,0,0,0,0,0,0
182,0,0,1,0,0,1,1,0,0,0,1,1,1,1,0,1,1,0,1,0,0,1,1,0,1,1,1,0,0,0,0,1,0,0,1,1
183,1,1,1,1,1,0,1,0,1,0,0,0,0,1,0,0,0,0,0,1,1,0,1,1,1,1,0,0,1,0,1,1,0,1,0,1
184,0,1,1,1,1,1,1,0,0,1,0,0,0,1,0,1,1,1,1,0,1,0,0,0,1,1,0,0,0,1,1,0,1,0,0,1
185,0,1,1,0,0,1,0,1,0,0,1,1,1,1,0,0,1,0,0,0,0,0,0,1,1,1,1,1,1,0,1,0,0,0,0,0
186,0,1,1,1,0,1,0,0,0,1,0,0,0,0,1,1,1,0,1,1,0,1,0,1,1,1,1,0,0,1,1,1,0,0,0,0
187,0,0,0,0,1,0,1,0,0,1,0,1,0,0,1,0,0,0,1,1,0,1,0,0,1,0,1,0,1,1,1,1,1,1,0,1
188,0,1,1,1,0,1,0,0,0,1,1,1,0,1,0,1,0,1,1,0,1,1,1,1,0,0,1,0,0,1,0,0,1,1,1,0
189,0,0,0,1,0,1,0,1,0,1,1,1,1,1,1,0,1,0,1,1,1,1,1,1,0,0,0,0,0,0,1,0,1,0,1,0
190,1,0,0,0,0,0,1,0,1,1,1,0,1,1,1,1,0,1,0,0,0,1,1,0,1,0,0,1,0,0,1,1,1,0,0,1
191,1,0,0,0,0,0,0,0,1,1,0,1,0,1,0,0,0,0,1,0,0,0,0,0,0,0,1,0,0,1,1,0,0,1,0,0
192,0,0,1,0,1,0,1,0,1,1,1,0,1,1,1,0,1,1,0,1,0,0,1,1,1,1,1,0,1,0,0,1,1,0,0,0
193,1,0,1,1,0,0,0,0,1,0,1,0,0,0,0,1,1,1,0,1,1,1,0,1,0,1,0,0,1,1,1,1,1,0,0,0
194,1,0,1,1,0,1,0,1,0,1,0,0,0,0,1,1,0,1,1,0,1,0,1,1,1,1,1,0,0,0,0,1,0,0,1,1
195,0,1,1,1,1,0,1,1,0,1,1,1,1,0,1,1,0,1,0,0,1,0,1,1,0,0,0,1,0,0,1,1,1,0,1,1
196,0,0,0,1,1,1,0,0,1,1,1,0,1,0,0,0,0,0,0,0,1,1,0,1,0,1,1,0,1,1,0,1,0,0,1,1
197,0,0,0,1,0,1,1,0,1,1,0,0,0,0,0,0,1,0,0,0,0,1,0,0,0,0,1,0,0,1,1,1,1,1,0,1
198,1,1,1,0,1,1,1,0,0,1,0,1,0,1,0,0,0,1,0,0,0,1,1,0,0,0,1,0,1,1,0,1,1,1,0,1
199,0,0,0,1,1,1,1,1,0,1,1,1,0,1,1,0,0,1,0,0,0,1,0,0,1,1,0,0,1,1,0,0,1,1,1,0
200,1,0,0,1,1,1,0,0,0,1,1,1,1,0,1,1,0,1,0,1,1,1,0,0,1,1,0,0,1,0,0,1,0,0,1,0
201,1,1,1,0,0,0,1,1,0,1,1,0,1,0,0,1,0,0,0,1,0,0,1,1,1,0,0,0,1,1,1,1,1,0,0,0
202,0,1,0,1,1,1,0,1,0,1,0,1,1,0,1,0,0,1,1,0,0,1,1,0,1,1,1,0,1,0,0,1,0,0,0,1
203,0,1,0,0,1,0,0,0,0,1,0,1,1,1,0,1,0,1,1,0,0,0,1,0,1,1,1,1,0,1,0,0,1,0,0,1
204,1,1,1,0,0,1,1,0,1,1,1,0,1,0,0,0,0,0,0,1,1,0,0,1,1,1,1,0,1,0,0,1,0,1,0,0
205,1,0,1,1,0,0,0,1,1,1,1,1,0,0,1,1,0,1,0,0,0,0,0,0,1,1,1,0,1,0,1,1,0,1,0,1
206,0,0,0,0,1,0,0,1,1,1,0,1,0,0,0,1,1,0,0,1,1,0,0,0,1,1,0,0,1,1,1,0,0,0,1,0
207,1,1,0,1,0,1,1,0,0,0,0,0,0,1,1,1,0,0,0,1,0,1,1,1,0,1,0,0,0,0,1,1,0,1,1,1
208,0,0,0,0,0,0,0,1,1,0,0,1,0,1,1,0,1,0,1,1,1,0,0,0,0,1,0,1,0,1,1,0,1,1,0,0
209,1,1,1,1,0,0,0,0,1,0,1,0,0,1,1,0,0,0,0,1,0,1,1,1,0,0,1,1,1,0,1,0,0,1,0,1
210,0,0,0,1,0,0,1,0,1,1,0,0,0,0,0,0,1,1,1,0,0,0,0,1,1,1,1,0,1,1,0,0,0,1,1,0
211,0,1,1,0,0,0,1,0,1,0,1,1,1,0,0,0,0,0,1,0,1,1,0,1,0,1,0,1,1,1,0,0,1,1,1,1
212,1,0,1,0,1,1,0,1,0,0,0,1,0,1,0,1,0,1,0,0,1,1,0,0,0,0,0,0,0,1,1,0,0,1,1,1
213,1,1,0,0,1,1,1,0,0,0,1,1,0,1,1,1,0,1,1,1,1,0,0,0,1,0,0,0,0,0,1,1,0,0,1,0
214,0,1,1,0,1,0,1,1,0,0,0,0,1,0,1,0,0,1,1,1,1,0,1,1,1,0,0,0,0,1,1,0,0,1,0,0
215,0,1,0,0,1,1,0,0,0,1,1,1,0,1,1,0,1,0,0,0,0,1,1,0,0,1,1,0,1,0,0,1,0,1,0,0
216,0,1,0,1,0,0,0,0,0,1,0,1,1,0,0,0,1,1,1,1,1,1,1,1,0,0,1,1,1,1,1,0,1,1,0,0
217,1,1,0,1,0,1,0,1,1,1,1,0,0,0,1,0,0,0,0,1,1,1,1,0,1,0,1,0,0,0,1,0,0,0,1,1
218,1,0,0,1,1,1,1,1,1,1,1,1,0,1,0,0,1,0,1,0,0,1,1,1,0,1,1,0,1,1,1,0,1,1,1,0
219,1,0,0,1,1,1,0,1,1,1,0,1,1,0,0,1,1,0,0,0,0,0,0,1,0,0,0,0,0,0,0,1,1,0,0,1
220,0,0,0,1,1,0,1,1,1,0,1,0,1,1,0,1,0,1,0,0,1,1,0,1,0,0,1,1,0,0,0,0,1,0,1,0
221,1,1,0,0,0,1,1,0,0,0,0,0,0,0,0,1,1,0,0,0,1,0,0,1,0,1,1,0,1,1,0,1,0,0,0,1
222,1,0,0,1,0,1,1,1,0,0,1,1,0,1,0,0,0,0,1,1,1,0,0,1,1,0,1,1,0,1,0,0,1,0,0,0
223,0,0,0,1,1,1,0,0,1,1,1,0,0,1,1,1,0,1,0,0,0,0,1,1,0,0,0,1,1,0,1,0,1,0,0,0
224,0,1,0,1,0,1,1,1,1,0,1,0,1,0,0,0,0,0,0,0,0,0,1,0,0,0,0,1,1,1,0,1,0,1,1,0
225,1,1,1,1,1,0,0,1,1,1,0,1,1,0,1,1,1,0,1,0,1,0,0,1,0,1,1,0,1,1,1,0,0,1,1,0
226,1,0,0,0,0,0,1,1,1,0,1,0,0,0,1,0,1,1,1,0,0,1,0,0,1,1,1,0,0,1,1,1,1,1,0,0
227,1,0,0,0,1,1,1,0,1,0,1,0,0,1,0,1,1,0,0,0,0,1,0,1,0,0,1,1,1,0,0,0,0,0,0,0
228,1,0,1,0,1,1,1,1,0,1,1,0,1,1,0,0,0,0,0,0,1,1,1,0,0,1,1,1,0,1,0,0,0,1,0,0
229,1,0,0,0,0,1,1,1,0,1,0,1,1,0,1,1,0,1,1,1,0,0,1,1,1,0,1,1,1,0,1,0,1,0,1,1
230,1,1,0,1,1,0,1,0,0,0,1,1,0,1,0,0,1,1,0,0,1,0,1,0,1,0,0,1,0,0,0,0,0,0,0,1
231,0,0,1,0,1,0,1,0,1,0,1,1,1,0,0,1,0,1,1,1,0,0,1,0,0,1,1,1,1,1,1,0,1,1,1,1
232,1,1,0,1,0,0,1,1,1,0,0,1,1,1,1,1,0,0,1,0,0,0,0,1,1,0,1,1,1,0,0,1,1,0,1,0
233,1,0,0,0,1,0,1,0,0,0,0,1,0,0,0,0,1,0,1,1,0,1,1,1,0,1,0,0,0,0,1,0,1,1,1,1
234,0,1,0,1,1,1,1,1,1,0,0,0,1,0,0,1,0,1,0,1,0,0,1,0,1,1,0,1,1,0,1,1,1,0,1,0
235,1,1,1,1,1,0,0,0,1,1,0,1,1,0,1,0,0,1,1,1,0,0,0,1,1,0,1,0,1,0,1,1,0,0,0,0
236,1,1,0,0,0,0,1,0,0,1,0,1,1,1,1,1,1,0,0,1,1,1,0,1,1,1,1,1,1,0,0,1,0,1,1,0
237,0,0,0,0,0,1,1,0,1,1,1,1,1,0,0,0,1,0,1,0,0,1,0,1,1,1,0,1,1,0,0,1,0,1,0,0
238,1,1,1,0,0,1,0,0,0,0,1,0,1,1,1,0,0,1,1,0,0,0,1,1,1,1,1,0,0,0,0,1,1,0,1,0
239,1,0,1,1,0,1,1,1,1,0,0,0,0,1,0,0,0,0,0,0,1,0,0,1,1,1,0,1,0,0,0,1,1,0,1,1
240,0,1,1,1,1,0,0,1,0,0,1,0,0,0,1,0,0,0,1,0,1,0,0,1,1,0,1,0,1,1,0,1,1,1,0,1
241,0,1,0,1,1,0,1,0,1,1,0,0,1,1,1,1,1,0,0,0,1,1,0,0,0,1,0,0,0,1,0,1,0,1,0,1
242,0,0,1,0,1,1,1,1,1,1,0,0,0,0,1,0,1,0,0,1,1,0,1,0,1,0,0,1,1,0,1,1,0,0,0,0
243,1,1,1,0,1,0,1,0,0,1,0,0,1,0,0,0,0,1,1,0,0,0,1,0,0,0,1,1,0,1,1,1,1,0,1,1
244,1,0,1,1,0,0,0,0,1,1,0,0,1,0,0,1,0,1,1,0,1,0,0,0,0,1,0,1,1,0,1,0,0,0,0,0
245,0,0,0,1,1,0,1,0,1,1,0,1,0,1,1,1,0,1,0,0,1,0,0,0,1,0,1,0,0,1,0,0,0,1,1,1
246,0,0,0,0,0,0,1,1,1,0,1,1,0,1,0,0,0,1,1,1,0,0,0,1,0,0,1,0,1,1,0,1,0,1,0,1
247,1,1,1,1,0,0,1,0,1,0,0,1,0,0,1,0,0,0,0,1,0,1,1,0,1,1,0,1,0,0,1,1,0,0,0,0
248,1,0,0,0,1,1,0,1,1,0,1,0,1,1,0,1,0,1,1,0,0,1,0,1,1,1,1,0,0,1,0,0,1,0,0,1
249,0,0,0,0,1,0,1,0,0,0,1,0,1,1,0,0,1,1,1,1,0,0,0,0,1,0,0,1,1,1,0,1,1,1,0,1
250,0,0,0,0,1,0,1,1,0,1,0,1,1,1,1,1,0,0,0,1,0,1,1,1,0,1,0,0,1,1,0,0,0,1,1,0
251,1,1,1,0,0,1,0,1,0,1,0,0,1,1,1,1,0,1,0,1,0,1,1,1,0,1,1,1,0,1,0,0,0,0,1,1
252,1,0,1,1,1,0,0,1,1,1,0,0,1,1,1,1,0,1,0,1,0,1,0,0,1,1,0,1,0,1,1,1,1,0,0,0
253,0,1,0,0,1,0,1,0,0,0,1,1,0,0,0,1,0,0,1,0,1,0,1,0,1,0,0,0,1,0,0,0,1,0,1,0
254,0,0,1,0,0,1,1,1,1,0,1,1,1,0,1,0,1,0,1,1,1,1,0,0,1,0,0,1,0,1,1,0,0,0,1,0
255,1,0,1,1,1,0,0,0,0,1,1,0,1,0,0,0,1,0,0,1,0,1,1,1,0,0,0,1,0,0,0,1,0,0,0,1
256,1,1,1,1,0,0,1,0,1,1,1,1,1,1,1,1,0,1,1,0,1,1,0,0,0,0,0,1,0,0,0,1,0,1,1,0
257,1,0,0,0,0,0,1,0,0,0,1,0,0,1,1,1,0,1,0,0,1,0,1,1,1,1,0,1,1,0,0,0,1,0,1,0
258,1,0,0,1,0,1,1,1,0,0,0,0,0,0,1,0,0,0,1,1,0,1,0,1,0,0,0,0,0,1,0,1,1,1,1,0
259,0,1,0,1,0,0,1,0,1,1,0,1,0,1,0,0,0,1,1,0,1,1,1,0,1,1,0,1,1,1,0,1,0,0,0,1
260,0,1,0,1,1,0,0,0,0,1,0,1,1,1,0,0,0,0,0,1,1,1,1,1,0,1,0,1,0,0,1,1,1,0,0,0
261,1,0,1,1,1,1,0,1,1,1,0,1,1,1,0,1,0,0,0,0,0,0,0,0,1,1,1,0,0,1,0,0,0,0,1,1
262,0,1,0,1,0,1,0,1,1,0,0,1,0,0,0,0,1,0,1,1,0,1,1,1,0,1,0,0,1,1,0,1,1,1,1,1
263,0,1,1,1,0,0,1,0,1,0,0,1,0,1,0,0,0,0,0,0,0,1,0,0,1,0,1,0,0,0,0,1,1,1,1,1
264,0,1,1,0,0,1,0,1,0,0,1,1,0,0,1,0,0,0,0,0,1,0,0,0,0,1,0,1,0,1,0,1,1,1,1,0
265,1,1,0,1,0,0,1,1,1,1,0,1,0,1,0,0,1,0,1,1,0,1,1,0,1,0,0,1,0,1,0,1,0,1,1,0
266,0,1,1,1,1,0,1,0,1,1,1,0,0,0,1,1,0,1,1,1,0,1,0,0,1,1,1,1,0,0,0,1,0,1,0,0
267,0,0,1,0,1,1,0,1,0,1,1,1,1,0,1,0,0,1,1,0,0,0,0,0,1,1,1,0,0,0,0,0,0,1,1,0
268,0,0,1,1,0,0,0,1,0,1,0,1,1,1,0,0,1,1,0,1,1,0,0,1,1,0,1,1,0,1,0,1,1,1,1,0
269,1,1,1,1,1,1,0,1,0,0,1,1,0,1,1,0,1,0,1,1,0,1,0,0,1,1,1,0,1,0,1,0,1,1,0,0
270,1,1,1,1,0,0,0,1,1,1,0,1,1,1,1,1,0,1,1,1,0,1,1,0,0,1,0,0,0,0,1,0,1,0,1,1
271,0,1,0,1,0,1,0,1,1,1,0,1,1,0,1,1,0,0,1,0,0,1,1,1,0,1,1,1,0,0,1,0,0,1,1,0
272,1,0,0,0,1,1,1,1,0,0,0,1,0,1,0,1,1,1,1,0,1,0,1,1,1,1,0,0,0,0,0,1,1,0,0,1
273,1,0,0,1,1,0,0,1,0,0,1,0,1,1,1,1,1,0,0,0,1,1,0,0,0,1,0,1,0,0,1,1,0,0,0,1
274,0,1,1,0,0,0,1,0,1,1,0,1,1,1,1,0,1,0,1,0,0,0,1,0,1,0,1,0,0,1,0,0,0,0,0,0
275,1,0,0,1,0,0,1,0,1,0,0,0,0,0,1,0,0,1,1,1,0,1,0,1,1,1,0,0,1,0,1,0,1,0,1,1
276,0,1,1,0,1,0,0,1,1,1,0,0,0,0,1,0,0,1,1,0,0,0,1,1,1,1,0,0,1,0,1,1,1,0,0,1
277,1,0,1,0,0,1,1,1,0,1,1,1,0,1,0,0,1,1,0,0,1,1,0,0,1,0,1,0,1,0,0,1,1,1,1,0
278,0,0,1,0,0,1,1,0,0,1,1,0,1,0,1,1,0,0,1,0,0,0,0,1,0,0,0,1,0,0,0,0,1,1,1,0
279,0,0,0,1,1,0,1,1,0,0,0,1,0,1,0,0,1,0,1,0,1,1,0,0,1,0,1,1,1,0,1,1,1,0,0,0
280,0,1,1,0,0,0,1,0,0,1,0,0,1,0,1,1,1,0,0,0,1,0,1,0,0,1,1,1,0,0,0,1,1,0,1,1
281,0,0,0,1,1,1,0,0,0,1,0,1,0,0,1,1,1,0,0,1,0,1,0,0,0,0,0,0,0,1,1,0,1,0,1,1
282,0,0,1,1,0,0,0,0,1,0,0,0,0,1,1,0,1,1,0,1,0,1,0,1,0,0,1,0,1,0,0,1,1,0,1,1
283,0,0,0,0,0,0,0,1,0,0,0,1,0,0,0,1,1,1,0,1,1,1,0,1,0,1,1,0,0,1,1,0,1,1,1,0
284,1,0,0,1,1,0,0,0,1,1,0,0,1,1,0,1,0,1,1,0,0,0,1,1,0,0,0,0,1,0,1,1,1,1,1,1
285,1,0,0,0,1,0,1,1,1,0,0,1,1,1,0,1,0,0,0,1,1,1,1,1,1,1,1,1,1,1,0,1,1,1,0,0
286,0,1,1,1,0,0,1,0,1,0,1,1,0,0,1,0,1,1,1,1,0,1,1,0,0,0,0,1,1,1,1,0,0,1,1,1
287,1,0,0,1,1,1,1,0,1,1,0,1,1,0,0,1,1,1,0,1,0,1,1,0,0,1,1,1,0,0,1,0,1,0,1,1
288,1,0,0,1,0,1,1,0,1,1,0,0,1,1,0,1,1,1,0,1,0,0,0,1,0,1,0,1,1,1,1,1,0,0,1,1
289,0,1,1,0,0,0,1,1,0,1,1,0,0,1,1,0,1,1,0,0,0,0,1,0,0,1,0,1,0,0,0,0,0,1,0,0
290,0,1,1,0,1,1,0,0,1,0,1,0,1,0,0,1,1,1,0,1,1,1,1,1,0,1,1,1,0,0,1,1,1,0,1,0
291,1,0,1,0,0,0,0,0,0,1,1,0,0,1,1,0,1,1,0,1,0,1,1,0,0,0,0,0,1,1,1,1,0,0,0,0
292,1,1,1,0,0,1,1,1,1,0,1,0,0,1,0,0,1,0,1,1,1,0,0,0,1,0,1,0,1,1,0,1,1,1,0,1
293,1,0,0,0,0,0,1,0,0,1,1,0,0,1,0,0,0,1,1,0,0,1,0,0,0,1,1,1,1,1,1,0,1,1,1,1
294,1,0,1,0,1,0,1,0,0,0,0,1,1,0,0,1,0,1,0,1,1,0,1,1,1,1,1,1,1,0,0,0,0,0,0,1
295,1,0,0,1,1,0,1,0,0,0,1,1,1,1,0,1,1,0,1,1,1,0,0,0,0,0,1,0,0,1,0,0,0,1,0,0
296,0,0,0,0,0,0,0,1,0,1,0,0,1,1,0,1,0,0,1,0,1,1,0,1,1,1,1,1,0,1,1,0,1,0,1,0
297,0,0,0,0,1,0,1,1,0,1,1,0,0,0,1,1,0,0,1,0,0,1,1,0,0,1,0,1,1,0,1,1,0,1,1,1
298,0,0,1,0,1,1,1,1,0,0,0,0,0,0,0,1,0,0,0,0,1,1,0,1,1,1,1,0,0,1,1,1,0,0,1,1
299,1,0,0,1,0,1,1,1,1,1,1,0,0,1,1,1,0,1,1,1,0,1,0,0,1,0,0,1,1,0,0,0,0,1,1,0
300,0,0,1,0,0,1,0,0,1,0,0,0,1,0,1,0,1,1,1,1,1,1,1,1,1,1,0,0,0,0,1,0,1,0,0,1
301,1,1,1,1,1,0,1,1,0,1,0,1,0,1,1,1,1,1,0,1,1,1,0,0,1,1,0,1,0,0,0,1,0,0,0,1
302,0,0,0,0,1,0,1,1,0,0,0,1,1,0,1,0,0,1,1,1,1,1,1,0,0,1,0,0,1,1,0,1,1,0,0,1
303,0,1,0,0,1,0,1,1,1,1,1,1,1,0,1,0,0,0,1,0,1,1,0,1,0,0,0,0,0,1,1,1,1,1,0,1
304,0,1,0,1,0,1,0,0,1,1,1,0,0,1,0,1,1,1,0,0,1,1,0,1,1,1,1,1,1,0,0,1,0,1,1,0
305,0,1,0,0,1,1,0,0,0,0,0,1,0,1,0,1,1,1,0,0,0,0,0,1,1,1,0,0,1,0,0,0,0,1,1,0
306,1,1,0,0,1,1,0,1,1,0,0,1,1,1,0,0,0,1,1,0,0,0,0,1,0,0,0,1,0,1,1,0,0,1,1,0
307,0,1,0,0,1,0,0,1,1,0,0,1,0,0,1,1,1,0,0,0,0,0,0,0,1,0,1,1,0,0,1,0,1,0,1,0
308,0,1,0,1,0,1,0,0,0,0,0,0,0,0,1,1,0,0,0,0,1,0,0,0,1,1,0,1,0,0,0,0,1,0,0,1
309,1,0,0,0,1,0,1,1,0,1,1,0,0,0,1,1,1,1,1,1,1,1,1,0,0,1,1,0,0,1,1,0,1,1,1,1
310,1,1,0,0,1,0,0,0,0,0,0,1,1,0,1,0,1,1,1,0,1,0,1,1,0,0,1,1,0,1,0,1,1,1,1,0
311,1,0,0,0,0,1,1,0,1,1,1,1,1,1,1,0,0,0,0,0,1,0,1,1,1,1,0,1,0,1,0,1,1,1,0,0
312,1,1,0,0,1,1,1,0,0,0,1,0,0,1,0,0,1,0,0,0,0,0,0,0,1,1,0,0,0,0,1,0,1,0,1,0
313,0,0,0,1,1,0,1,0,1,0,1,1,0,0,1,0,1,0,0,1,1,1,1,0,1,1,1,0,0,1,1,0,0,0,0,0
314,1,0,0,0,0,0,0,0,0,1,0,0,1,0,0,0,1,1,0,1,1,0,1,0,1,0,1,0,0,0,0,1,0,1,0,1
315,1,1,0,1,1,0,1,1,1,1,1,1,1,1,1,0,1,0,1,1,0,0,1,0,1,1,0,1,0,0,1,1,1,0,0,1
316,0,1,0,1,0,1,1,0,0,1,1,1,1,1,0,0,1,0,0,1,1,0,0,0,0,1,0,1,1,0,0,0,1,1,0,0
317,0,0,1,0,1,0,1,1,0,1,1,0,1,1,1,0,1,1,0,1,1,1,0,0,0,1,0,1,1,0,1,1,1,1,0,0
318,0,0,1,0,0,0,0,0,0,1,1,1,1,0,0,0,1,1,1,1,1,1,0,0,1,0,1,0,1,0,0,0,0,0,1,0
319,1,0,1,0,1,1,0,1,1,0,1,0,1,1,0,0,1,1,0,0,0,0,1,0,0,0,1,0,1,0,1,0,1,0,1,0
320,1,0,1,1,1,0,0,1,0,0,1,0,0,1,0,0,1,0,0,0,0,1,1,0,1,1,1,1,0,1,0,0,1,0,0,1
321,0,1,0,1,0,0,0,1,1,1,1,1,1,0,1,0,1,1,0,0,0,1,0,1,1,0,0,1,0,1,1,0,0,1,0,0
322,0,1,1,0,1,0,0,1,0,0,0,1,1,1,1,0,1,1,1,0,0,1,1,0,0,1,0,0,0,0,1,0,0,0,0,0
323,1,1,1,1,0,1,1,0,0,0,1,1,1,0,1,1,0,0,1,1,1,1,1,0,0,0,0,1,0,0,1,0,1,0,0,1
324,0,0,1,1,1,0,0,1,1,0,1,1,1,1,1,0,0,1,1,1,1,1,1,0,0,1,0,1,0,1,1,1,0,0,1,0
325,1,1,0,1,1,0,1,0,0,0,1,0,1,1,0,0,1,1,1,0,0,1,1,0,1,1,0,0,0,1,1,1,0,1,0,0
326,0,0,1,0,0,0,0,0,1,1,0,0,1,1,1,1,0,0,0,1,0,1,1,1,1,0,1,0,0,1,0,1,1,1,0,0
327,1,1,1,0,1,1,1,0,0,1,0,1,0,1,0,1,1,1,1,1,1,0,0,1,1,0,1,1,0,1,1,0,1,1,1,0
328,1,1,1,1,1,0,1,1,1,0,0,0,0,1,0,1,0,1,1,1,0,0,1,0,0,1,1,1,0,0,1,0,0,1,1,0
329,1,0,1,1,0,0,1,0,1,1,0,0,0,0,1,0,1,1,0,1,1,1,1,0,0,1,0,1,0,1,0,0,1,0,0,0
330,1,1,0,0,1,0,1,0,1,0,1,0,1,0,0,1,1,0,1,1,1,1,0,0,1,1,1,0,1,0,0,1,0,0,1,0
331,1,0,1,0,1,1,1,0,1,0,0,1,0,0,0,1,1,0,0,0,0,0,1,0,1,1,0,1,1,0,1,1,0,0,1,1
332,0,1,1,1,0,1,0,0,1,0,1,1,0,1,1,0,1,1,1,0,0,1,0,1,1,0,1,1,1,1,0,1,0,0,0,1
333,0,0,0,1,0,0,1,1,0,1,1,1,1,0,1,1,0,0,1,0,0,1,0,1,0,0,1,0,1,0,1,0,1,1,1,1
334,0,1,0,1,0,0,0,1,1,1,1,1,0,1,1,0,1,0,0,0,0,1,1,0,1,0,0,0,1,0,0,0,0,0,0,1
335,1,1,0,1,0,1,1,0,0,1,1,1,0,0,1,0,1,1,1,1,0,1,1,0,1,1,0,0,0,0,0,0,0,0,1,0
336,0,1,1,0,0,1,0,1,0,1,0,0,0,0,0,1,0,1,0,0,0,1,1,0,1,1,0,0,1,1,1,0,0,1,0,0
337,1,1,1,1,1,0,0,1,0,1,0,0,0,1,0,0,1,0,1,1,1,1,0,0,1,0,0,0,0,0,1,0,0,1,0,1
338,1,1,1,0,1,0,0,0,0,0,1,1,0,0,1,0,0,1,1,1,1,1,1,1,1,0,0,0,0,0,0,0,1,0,0,1
339,0,1,1,1,0,1,1,0,1,0,1,0,0,1,1,1,0,0,1,1,1,1,1,1,1,1,0,1,0,1,0,1,1,0,0,1
340,1,1,1,1,0,1,1,1,1,0,0,1,1,1,0,1,1,0,1,0,0,1,0,0,1,1,0,0,1,0,1,1,0,1,0,0
341,1,0,0,1,0,1,0,1,0,1,1,0,1,1,1,1,1,0,0,0,0,0,0,0,1,0,0,1,1,0,0,1,1,0,1,1
342,0,1,1,1,1,0,1,1,0,1,0,1,1,1,1,1,0,0,1,0,0,1,1,0,0,1,0,1,0,1,0,1,1,1,0,0
343,1,1,0,1,0,0,0,0,0,1,1,0,1,0,1,1,0,0,0,1,0,0,0,1,0,1,0,0,1,0,1,0,0,1,1,0
344,1,1,0,1,0,0,0,0,0,1,1,0,1,0,0,1,0,1,1,1,1,1,0,0,1,0,1,0,0,1,0,1,0,0,0,0
345,0,0,1,0,0,1,1,1,1,1,0,0,0,0,1,1,1,0,0,1,0,0,0,0,0,1,1,1,1,0,0,1,0,1,1,1
346,1,0,1,1,1,1,0,0,0,1,1,0,0,0,0,1,1,1,1,0,1,1,0,1,1,0,0,1,1,0,1,1,0,0,1,0
347,1,1,0,0,1,1,0,0,0,0,0,1,0,0,1,0,1,1,0,1,1,1,0,1,0,0,0,1,1,0,0,1,1,0,1,1
348,1,1,1,0,1,0,1,1,0,1,1,1,1,0,0,0,0,0,0,1,1,0,0,0,1,1,0,1,0,0,1,0,1,1,0,0
349,0,0,0,0,1,0,0,1,0,0,1,0,1,1,1,1,1,1,0,0,1,1,1,0,1,1,0,0,1,1,0,1,1,0,1,0
350,1,0,0,0,1,0,0,1,1,1,0,1,1,1,1,0,1,1,0,1,0,1,0,0,1,1,1,0,1,0,1,0,0,0,0,1
351,0,0,1,0,0,1,0,1,0,1,1,0,1,0,1,0,0,0,0,0,1,0,1,1,1,0,1,0,0,0,1,1,0,1,0,0
352,1,0,1,1,0,1,1,0,1,0,0,1,0,1,0,0,1,0,0,0,1,1,1,0,0,1,1,0,0,0,1,0,0,1,1,1
353,0,0,0,1,1,1,1,0,1,1,1,1,0,1,1,0,1,0,1,1,0,0,0,1,0,0,0,0,0,1,0,1,0,1,0,0
354,1,0,0,0,0,1,1,0,0,0,1,1,1,0,0,1,0,0,1,0,1,0,0,1,0,1,0,0,1,0,1,0,0,0,1,0
355,1,1,1,0,1,1,0,1,1,0,1,0,0,0,1,1,0,1,1,1,1,0,0,0,0,0,0,0,1,0,1,0,0,1,0,0
356,0,0,1,1,1,0,0,1,1,1,1,0,1,1,1,0,0,0,1,0,1,0,1,0,1,1,1,1,0,0,0,1,1,1,0,1
357,1,1,0,0,1,1,0,1,0,0,1,0,0,1,0,1,0,1,1,1,1,1,1,0,1,1,0,1,1,1,0,0,0,1,0,1
358,0,0,1,0,1,1,0,1,1,0,0,1,1,1,0,1,0,1,1,0,1,0,1,1,1,1,0,0,0,0,1,0,0,0,1,0
359,0,0,0,1,0,0,1,0,0,0,0,1,1,1,0,1,0,0,1,1,1,0,1,1,0,1,0,0,0,1,1,1,1,1,0,1
360,0,0,1,1,0,1,1,1,1,1,1,0,0,0,1,0,0,0,1,1,1,1,1,1,1,0,0,0,1,0,1,0,1,1,0,1
361,0,0,0,1,0,0,0,1,1,0,0,1,1,1,1,1,0,0,1,1,0,0,0,1,1,1,0,0,1,1,1,1,0,1,1,0
362,0,0,1,0,1,1,0,0,1,0,0,1,0,1,1,1,1,1,1,1,0,1,0,0,1,1,1,1,0,0,0,0,1,0,0,1
363,1,1,0,1,0,1,0,1,0,0,0,0,0,0,1,0,1,0,1,0,1,0,1,1,1,1,1,1,1,1,1,0,0,0,0,0
364,0,0,0,1,0,0,0,0,1,0,1,1,1,1,0,0,0,0,1,1,1,1,0,0,1,0,1,0,0,1,1,1,0,1,1,1
365,0,1,0,1,0,0,1,1,1,1,0,1,0,1,1,1,0,0,0,1,1,0,0,1,0,0,0,0,1,1,1,0,1,1,1,1
366,1,0,0,1,0,0,0,0,1,1,0,0,0,0,1,1,1,1,1,0,0,1,1,0,0,0,1,0,1,0,1,0,0,1,1,0
367,0,1,1,1,1,1,1,0,1,0,0,1,1,1,1,0,1,0,1,1,1,1,1,1,0,1,1,0,0,1,1,1,0,1,0,1
368,1,0,0,1,0,1,1,1,1,0,0,1,1,1,0,0,1,1,1,0,0,0,1,0,0,0,1,1,1,1,0,1,0,0,0,1
369,0,0,1,0,0,1,1,1,1,1,1,1,0,0,0,0,1,1,0,0,1,0,0,1,1,0,0,0,1,1,1,0,1,0,0,1
370,1,1,1,0,1,0,1,0,1,1,1,1,1,0,1,1,0,1,0,0,1,0,1,0,1,1,1,0,0,1,0,1,1,0,0,1
371,0,1,1,1,1,1,0,0,1,0,1,0,0,1,1,1,1,1,1,1,1,1,1,0,0,0,1,0,1,0,1,1,1,1,0,1
372,0,0,0,1,0,1,0,0,1,0,0,1,0,0,0,0,1,1,0,0,1,0,1,0,1,0,0,0,1,1,1,1,0,1,1,0
373,1,0,0,1,0,0,0,1,0,0,1,0,0,0,1,1,0,0,1,1,1,0,0,0,0,1,1,1,1,0,1,1,1,0,1,0
374,1,0,1,1,0,0,1,1,1,0,1,1,1,1,0,0,0,1,1,1,0,0,1,1,1,0,0,0,1,0,0,0,1,0,0,0
375,0,0,1,1,1,1,1,0,1,0,1,0,1,0,0,0,0,1,1,1,1,1,1,0,0,0,1,1,0,0,1,0,0,1,0,1
376,0,1,0,0,1,0,0,0,1,0,0,0,1,0,0,0,1,0,0,1,0,1,1,0,0,1,0,0,1,0,1,0,1,0,1,0
377,1,0,1,0,0,0,0,0,0,0,0,1,1,0,0,0,1,0,0,0,1,0,1,0,0,1,1,0,1,0,1,1,1,0,0,1
378,1,1,0,0,1,1,0,1,0,0,1,1,1,0,0,0,0,0,1,1,1,1,0,0,0,1,1,0,0,1,1,0,0,1,1,0
379,0,1,0,0,0,0,0,0,0,0,0,0,0,0,1,0,1,0,0,1,1,0,1,0,0,0,1,1,1,1,1,1,1,1,0,1
380,1,1,1,0,0,0,0,1,1,1,0,0,0,0,0,0,0,0,0,0,1,0,1,0,1,1,0,0,0,1,0,1,1,1,0,0
381,0,0,1,1,1,0,0,1,1,1,1,0,0,1,1,0,1,1,1,1,0,0,1,0,1,0,1,1,0,1,1,0,1,1,1,0
382,1,1,0,1,1,1,1,0,0,1,1,0,0,1,1,0,0,1,0,0,1,1,1,1,0,1,1,0,0,0,1,0,0,0,1,0
383,1,1,1,0,1,0,0,1,0,1,1,1,1,0,0,1,1,0,1,0,0,1,1,1,0,1,0,1,1,1,1,0,1,0,0,0
384,0,1,1,1,1,1,0,0,0,1,1,0,1,0,1,1,0,1,0,0,1,1,0,0,1,0,0,0,0,1,1,0,1,1,0,0
385,1,1,1,1,1,1,0,1,0,1,0,0,1,0,0,1,0,0,1,0,1,1,1,0,0,0,0,0,0,1,1,1,0,0,0,1
386,1,0,0,0,1,1,1,1,1,0,1,1,1,0,1,1,0,0,1,1,0,1,0,1,0,0,0,1,0,0,0,1,1,0,0,0
387,0,1,0,0,0,0,0,0,1,0,1,1,0,1,0,0,1,0,1,0,0,0,0,0,1,0,0,1,1,0,1,1,0,1,1,1
388,1,0,1,0,1,1,1,1,1,0,0,0,0,0,0,0,1,0,1,1,1,1,0,1,0,1,1,0,1,1,0,1,1,0,1,0
389,0,1,1,1,0,0,0,0,1,1,1,0,0,0,0,0,1,0,1,1,0,0,1,0,0,1,0,1,0,0,1,0,0,0,0,1
390,0,0,1,0,1,1,1,1,0,1,0,1,1,1,0,0,0,1,0,1,0,1,0,0,1,1,0,1,1,0,0,1,0,0,1,1
391,0,0,1,1,1,1,1,1,0,1,0,0,1,0,1,0,0,0,0,1,0,0,0,1,1,0,0,0,1,1,0,1,0,1,0,1
392,0,0,0,0,1,0,0,1,1,1,0,0,0,0,0,1,1,0,0,0,1,0,0,1,0,1,1,1,1,0,1,1,1,0,0,1
393,0,0,0,0,0,1,1,1,1,0,0,1,0,1,1,1,0,1,1,1,0,1,1,0,1,1,1,0,1,0,1,0,1,1,0,0
394,0,0,0,0,1,0,0,0,0,1,0,0,1,0,1,1,0,0,0,0,0,0,0,0,1,0,1,1,0,0,0,1,0,1,1,1
395,0,0,1,1,1,0,1,0,1,0,0,1,0,1,0,1,1,0,1,0,1,1,0,1,1,0,0,1,0,0,0,0,1,1,1,0
396,0,0,1,0,1,0,0,0,1,1,0,0,0,1,0,1,0,1,0,0,0,1,0,0,0,0,0,0,1,0,0,1,0,1,0,1
397,0,0,1,1,1,0,0,1,1,1,0,1,0,1,0,0,0,1,0,1,0,1,1,1,1,1,0,0,0,0,0,0,0,1,0,1
398,0,1,1,1,1,0,1,0,0,0,1,1,0,1,1,1,1,0,0,1,0,0,0,1,1,0,1,0,0,1,1,1,1,0,0,0
399,1,0,1,1,1,0,1,1,0,1,1,1,0,1,1,1,0,0,0,0,1,1,1,0,0,0,1,0,0,0,1,0,1,1,1,0
400,1,0,0,1,1,0,1,0,1,0,0,0,0,0,1,0,0,0,1,0,1,0,1,1,1,1,0,1,0,1,1,0,1,1,0,0
401,0,1,1,0,1,0,0,0,1,0,1,0,0,1,0,0,1,0,1,1,0,0,0,1,1,1,1,1,1,1,1,0,1,1,0,1
402,1,0,1,0,0,1,0,1,1,1,1,1,1,1,0,1,0,0,1,0,0,1,1,1,1,0,1,1,0,0,1,1,1,0,1,1
403,0,0,0,0,1,1,0,0,0,0,1,1,1,0,0,1,1,0,0,1,0,1,0,1,1,0,1,1,0,1,1,1,1,0,0,1
404,1,1,0,1,0,0,0,1,0,1,0,1,0,0,0,1,1,0,0,1,1,1,0,1,1,1,1,1,1,1,1,1,0,0,0,1
405,1,0,0,0,1,1,1,0,0,1,1,1,1,1,1,0,1,1,1,0,1,1,1,0,0,0,1,1,0,1,0,1,1,0,0,1
406,1,1,0,0,1,1,0,1,0,0,1,1,1,1,0,0,1,0,1,0,0,1,0,1,0,0,0,0,1,0,1,1,0,0,0,1
407,1,0,1,1,0,1,1,1,0,0,1,1,1,0,1,1,1,0,0,0,1,0,1,1,0,1,1,1,1,0,0,1,0,0,1,1
408,0,1,0,1,0,1,1,1,1,0,1,0,1,1,0,0,1,0,1,0,0,0,0,1,1,1,0,0,0,1,0,0,0,0,1,1
409,1,1,1,0,1,1,0,0,0,0,1,0,0,1,1,0,0,1,0,1,0,1,0,1,0,0,1,0,0,1,1,1,0,1,1,1
410,0,1,1,1,1,0,0,0,0,1,0,1,1,0,1,0,0,0,1,0,1,1,0,0,0,0,0,1,1,0,1,1,0,0,1,1
411,0,1,1,1,0,1,0,1,1,0,1,0,0,0,0,0,0,1,1,1,1,0,0,1,1,0,0,0,0,1,0,1,1,0,1,0
412,1,0,1,0,0,1,0,0,1,0,1,1,0,0,0,0,0,0,0,1,1,1,1,0,1,0,1,1,0,1,1,0,1,0,0,1
413,1,0,1,0,0,0,0,1,1,0,0,0,1,0,1,0,0,0,0,1,0,0,0,1,0,0,1,1,0,1,0,0,0,1,1,1
414,1,1,0,1,1,0,1,1,0,0,0,1,1,1,1,1,0,0,1,0,1,0,0,0,1,1,0,0,1,0,1,0,0,0,1,1
415,1,0,0,0,0,1,1,1,0,1,1,1,1,1,1,0,1,1,0,0,0,0,1,1,1,1,1,0,0,0,1,0,0,1,0,1
416,0,0,1,1,0,0,0,1,1,1,1,1,0,1,1,0,0,0,1,1,0,1,0,0,0,0,0,1,1,0,1,1,1,0,0,0
417,0,0,0,1,0,0,1,1,0,1,1,0,0,0,1,1,1,0,1,0,0,0,1,1,1,0,1,0,0,1,0,0,1,1,0,0
418,0,0,0,0,0,1,1,1,0,1,0,1,1,1,0,1,1,0,0,0,1,0,1,1,1,0,0,1,1,0,1,1,1,0,1,0
419,0,1,1,1,1,0,1,0,1,1,1,0,0,0,0,0,0,1,1,1,1,0,0,1,0,0,1,0,1,0,1,0,1,0,0,1
420,1,0,1,0,1,0,0,0,0,0,1,1,1,0,1,0,0,0,1,0,0,0,0,1,0,1,1,0,0,1,0,1,0,0,0,1
421,0,1,1,1,1,1,1,1,0,0,0,0,1,0,0,0,1,1,1,1,1,0,0,1,1,1,1,1,1,0,1,1,0,1,0,1
422,0,0,0,0,1,1,0,1,0,0,0,0,1,1,0,0,1,1,1,1,0,1,1,1,0,0,1,1,1,0,1,0,1,0,0,1
423,1,0,1,1,0,0,0,0,0,1,0,0,1,1,0,1,1,1,0,0,1,1,0,0,1,0,0,1,1,0,0,0,1,1,1,0
424,1,1,1,1,0,1,1,0,0,1,0,1,1,1,0,0,0,1,1,1,1,0,1,1,0,0,0,0,1,1,1,1,1,0,0,0
425,0,1,1,0,0,1,0,1,1,1,0,1,1,1,0,1,1,0,1,0,1,1,1,1,0,1,1,0,1,0,0,1,1,0,1,0
426,0,0,1,0,1,1,0,0,1,1,1,1,1,0,0,1,1,0,1,1,1,0,0,0,0,1,1,0,1,0,1,1,0,0,1,1
427,0,0,0,1,0,1,0,0,1,1,0,0,1,0,1,1,0,1,0,1,0,0,0,1,1,1,1,0,0,0,1,0,0,1,0,1
428,1,1,1,1,0,1,0,0,1,0,0,0,0,0,0,0,0,0,1,0,0,1,1,1,1,0,1,1,0,1,0,1,1,0,1,1
429,0,0,0,0,1,1,1,0,1,1,0,0,0,0,1,0,0,1,1,0,1,1,1,0,1,0,1,0,1,0,0,0,1,0,1,1
430,0,1,0,0,0,1,0,0,1,0,1,1,1,0,1,0,1,1,1,1,1,1,0,1,0,1,0,0,0,1,0,1,1,1,0,0
431,1,0,1,1,0,0,0,1,0,0,1,0,1,1,0,0,0,1,1,1,1,1,0,0,0,0,0,0,1,1,0,0,0,1,0,0
432,1,0,0,1,0,1,0,1,1,0,0,1,1,1,1,1,1,1,0,1,1,0,0,1,1,1,0,1,1,0,0,0,0,0,1,0
433,1,1,0,0,0,1,1,1,0,1,1,1,1,1,0,0,1,0,0,1,0,1,1,1,0,0,1,0,0,1,0,1,1,0,1,0
434,0,1,0,0,1,0,0,0,1,0,1,0,0,0,1,0,0,0,1,0,1,1,0,1,0,1,0,0,0,1,1,0,0,0,1,0
435,1,0,0,0,0,0,1,1,1,0,0,1,1,0,0,0,1,1,1,0,1,0,0,0,0,0,0,0,0,1,1,1,0,0,1,0
436,1,1,1,0,1,1,0,0,1,0,0,0,1,0,0,1,1,0,1,1,0,0,0,0,0,1,0,1,1,1,0,0,1,1,1,0
437,1,0,1,1,1,0,1,1,0,1,1,0,1,0,0,0,0,0,1,0,1,1,0,1,0,1,0,0,1,1,0,0,1,0,0,1
438,1,1,1,0,0,1,0,1,1,0,1,0,1,0,0,0,0,1,1,0,1,1,0,1,0,0,1,0,1,1,1,1,1,1,1,1
439,0,0,1,1,0,1,0,1,1,0,0,0,1,1,1,1,0,0,0,0,0,0,0,1,0,0,0,1,0,0,1,1,0,1,0,0
440,1,0,0,0,0,1,0,1,0,1,0,1,0,1,1,0,1,1,0,1,1,1,0,1,1,1,0,0,1,1,1,1,0,1,1,0
441,0,1,1,0,0,1,1,1,0,1,0,1,1,0,0,0,0,1,0,0,1,0,1,1,0,1,1,0,1,1,1,0,0,0,1,0
442,0,0,0,1,0,0,0,1,0,1,1,0,0,0,0,0,1,0,0,1,0,1,0,0,0,0,1,1,1,0,0,1,1,1,1,1
443,0,0,0,0,1,0,0,0,0,1,0,0,1,0,0,0,1,0,0,0,1,0,0,0,0,0,0,1,0,1,1,0,1,1,1,0
444,1,0,1,0,1,0,1,0,1,1,1,1,0,0,0,1,1,0,1,0,0,0,1,0,1,1,0,0,0,1,0,0,0,1,1,0
445,1,1,1,1,1,0,0,0,0,1,1,1,1,0,0,1,1,0,0,0,1,0,0,1,1,0,0,0,1,1,0,0,1,1,1,1
446,1,0,0,0,1,0,1,1,1,0,1,1,1,1,1,0,0,1,0,1,1,1,1,0,0,0,1,0,1,1,1,1,0,1,1,1
447,0,0,0,1,0,0,0,0,0,0,0,1,1,1,1,0,1,1,1,0,1,1,1,0,0,0,1,1,0,1,1,0,0,0,1,1
448,0,1,1,0,1,0,0,1,0,0,0,0,1,1,1,1,0,1,1,0,1,0,0,1,0,0,1,1,0,1,1,1,0,1,1,1
449,1,1,1,1,0,1,0,1,1,0,1,1,1,1,0,1,1,0,0,1,0,0,1,1,1,1,0,0,1,1,0,1,1,0,0,1
450,1,1,0,0,1,1,1,0,1,0,1,0,0,1,0,0,1,1,0,0,0,0,1,0,1,0,1,1,1,1,1,1,0,1,1,0
451,1,0,0,1,0,1,0,1,0,1,0,1,0,0,0,0,1,0,1,1,1,1,1,0,0,1,1,1,0,0,0,0,0,1,1,0
452,0,0,1,0,1,1,0,0,0,1,0,1,1,0,1,1,0,0,1,1,1,0,0,0,1,0,1,0,0,1,1,0,0,0,0,0
453,1,1,1,0,0,1,1,1,0,0,1,0,0,0,0,0,0,0,1,1,0,0,1,1,0,1,0,1,0,1,0,0,0,1,1,1
454,0,1,0,0,0,1,0,0,0,1,0,1,1,0,0,0,1,0,1,1,0,0,0,0,0,1,1,0,0,0,1,0,1,0,0,1
455,1,1,1,0,1,1,1,0,1,0,0,0,1,1,0,1,1,0,0,1,1,1,1,0,1,1,0,1,0,1,0,0,0,0,0,1
456,1,1,0,1,0,0,1,0,1,1,1,1,1,0,0,1,0,0,0,1,1,0,0,0,1,1,0,1,0,1,1,1,0,0,1,0
457,0,1,1,1,1,0,0,0,1,1,0,1,1,1,0,0,0,0,1,1,1,0,0,1,1,1,1,1,1,1,0,1,0,0,1,1
458,1,0,0,0,0,0,1,0,0,0,0,1,0,0,1,0,0,1,1,0,0,0,1,1,0,1,1,0,1,1,1,1,0,1,1,0
459,0,1,1,1,0,1,0,0,0,1,0,1,0,0,0,0,1,0,1,0,0,1,1,1,0,0,1,0,1,0,1,0,0,1,1,1
460,1,1,0,0,0,1,0,0,1,1,1,1,0,0,0,0,1,1,0,0,1,1,1,1,0,1,0,0,1,1,0,0,0,1,1,0
461,0,0,1,1,0,1,1,0,0,1,1,1,1,0,1,1,1,1,0,0,1,1,0,1,1,1,0,1,1,1,0,0,1,1,0,1
462,1,1,0,0,0,0,0,1,1,1,0,0,1,0,1,0,1,1,1,1,1,0,0,0,1,1,0,0,1,1,0,0,0,1,1,0
463,1,0,1,0,0,1,1,1,1,1,1,1,0,1,0,1,1,0,1,1,1,0,0,0,0,1,0,1,0,0,1,1,1,1,0,1
464,1,0,0,1,1,1,0,1,0,1,0,1,0,0,1,1,0,1,1,0,1,0,0,0,0,0,0,1,1,0,0,0,1,0,1,1
465,0,1,0,1,0,0,1,1,0,1,0,1,1,1,1,0,0,0,0,0,0,0,1,0,0,0,0,1,1,0,1,1,0,0,0,0
466,1,0,1,0,0,1,1,1,1,1,1,0,1,0,1,1,1,0,0,0,0,1,1,1,0,0,1,0,1,0,0,1,1,1,1,0
467,0,1,0,0,0,0,1,0,0,0,1,0,1,0,1,0,0,1,1,0,0,1,1,1,1,0,1,1,0,1,0,0,1,0,0,1
468,1,0,0,1,0,0,1,0,1,0,0,1,1,1,1,0,1,0,0,1,0,0,1,0,1,0,0,0,1,0,1,0,0,1,1,0
469,0,1,0,0,1,0,0,0,1,1,1,0,1,0,0,0,1,0,1,0,1,1,1,0,1,1,1,1,1,1,0,0,1,1,0,0
470,1,0,1,0,1,0,0,1,1,0,0,0,1,0,0,1,0,1,1,1,0,0,1,1,1,0,0,1,0,0,1,1,1,1,0,0
471,0,1,0,1,1,1,1,0,1,0,1,1,1,0,0,0,0,0,0,1,1,1,0,1,0,0,1,1,0,1,1,1,1,1,1,0
472,0,0,0,1,1,1,1,0,1,0,0,0,0,0,0,0,0,0,1,0,1,0,0,0,0,1,1,1,1,0,1,1,0,1,1,1
473,0,0,1,1,0,1,0,0,0,1,1,1,0,1,1,1,0,0,0,0,1,1,0,1,1,0,0,1,0,0,0,0,0,0,1,1
474,0,0,1,0,1,1,1,0,1,1,1,0,1,1,1,1,1,0,0,0,0,1,1,0,0,1,1,1,0,0,1,0,1,0,0,0
475,0,1,0,1,1,0,0,1,0,0,1,0,0,1,1,0,0,1,1,0,1,1,0,0,1,1,0,0,1,0,1,1,0,1,1,0
476,0,0,0,0,0,0,0,1,0,0,0,1,0,0,0,0,1,0,1,1,1,0,1,1,1,0,1,0,0,1,1,0,0,0,0,1
477,0,0,0,1,1,1,0,1,1,1,1,1,1,1,0,1,0,0,1,0,1,0,0,0,0,1,0,0,1,1,1,0,1,1,1,1
478,0,1,0,0,0,1,0,0,0,1,1,1,0,1,0,0,0,0,1,1,1,0,0,1,1,1,0,1,0,0,0,1,1,0,1,1
479,1,1,1,1,1,1,1,0,1,1,0,0,1,1,1,0,0,0,0,0,1,1,1,0,0,1,0,1,1,0,0,1,1,0,0,1
480,1,0,0,1,0,0,1,1,0,0,0,0,1,0,0,1,1,1,1,1,0,0,1,1,0,1,1,1,0,0,0,0,0,0,1,1
481,1,0,0,0,0,0,0,0,0,1,1,1,0,1,1,0,0,1,0,0,1,1,0,1,0,0,0,1,1,1,0,1,1,1,0,1
482,0,0,1,1,0,1,0,1,0,0,1,1,1,1,1,1,0,0,0,1,1,1,1,0,0,1,1,0,1,0,1,0,0,0,0,0
483,0,0,1,0,1,1,0,0,0,0,0,1,1,1,0,0,0,0,0,1,0,0,1,0,1,1,0,1,1,1,0,0,1,1,0,0
484,1,1,0,0,0,0,0,1,1,1,0,1,0,0,1,0,0,0,0,1,1,0,1,1,1,0,0,1,1,1,0,1,0,1,1,1
485,0,1,0,0,0,1,0,1,0,1,1,1,1,1,1,0,1,1,1,0,0,1,0,0,0,1,0,1,0,0,1,1,1,1,1,0
486,1,1,0,1,0,1,1,0,0,1,1,0,1,1,1,1,1,0,1,0,1,1,1,1,0,1,0,1,0,1,0,0,0,0,0,0
487,0,1,0,0,0,1,0,0,1,0,0,0,0,0,1,1,0,0,0,1,1,1,1,0,0,1,1,0,0,1,0,1,0,0,1,0
488,1,1,0,0,1,1,1,1,1,1,0,1,0,1,0,0,1,0,0,1,1,0,1,0,1,0,0,0,0,1,0,0,1,0,0,0
489,1,0,0,1,0,0,1,1,0,0,0,1,0,0,1,0,1,1,0,1,0,1,0,0,0,0,0,1,0,0,1,1,0,0,1,1
490,0,0,1,1,1,1,1,1,0,0,0,0,1,0,0,1,0,1,1,1,1,1,0,1,0,0,1,1,1,1,1,0,1,1,1,0
491,1,0,0,0,1,1,0,0,1,0,0,1,1,1,1,0,1,0,1,1,1,1,1,0,1,1,1,1,0,1,1,1,1,0,1,0
492,1,0,1,0,1,0,0,1,1,0,0,1,1,1,1,0,0,0,1,0,1,0,0,1,1,1,1,0,1,0,0,0,1,0,0,0
493,0,0,0,0,1,1,1,0,1,0,0,1,1,1,1,1,1,0,1,0,1,0,1,1,0,0,1,0,0,0,1,0,1,1,0,0
494,0,1,0,0,1,1,1,0,0,1,1,1,0,1,0,0,1,0,0,0,1,1,1,1,0,1,0,0,1,1,1,1,1,0,1,1
495,1,1,1,0,1,1,0,0,1,1,0,1,1,1,1,0,1,1,1,0,0,1,0,0,0,0,1,0,1,0,0,0,1,0,0,0
496,1,0,1,0,1,0,1,1,1,1,0,0,1,1,1,0,0,1,0,1,1,1,1,1,0,0,0,1,1,1,0,1,0,0,0,0
497,1,1,0,0,0,1,0,0,0,0,1,0,1,1,1,1,0,1,1,0,1,0,0,0,0,1,1,1,0,1,1,0,1,1,0,0
498,0,1,1,1,1,1,1,0,1,1,0,1,0,1,0,0,0,0,0,0,0,0,1,0,1,1,1,0,1,0,1,0,0,0,0,0
499,1,1,1,0,0,1,0,1,1,1,0,0,0,1,0,0,0,0,1,0,0,1,0,0,0,0,1,0,1,1,0,0,0,0,1,1
500,1,1,0,1,0,1,0,1,1,0,1,1,0,0,1,0,1,1,0,0,0,0,1,1,0,0,0,1,1,0,1,0,1,1,1,0
501,0,0,1,0,1,0,0,0,0,1,1,0,1,0,0,0,0,1,1,0,0,0,1,1,1,0,1,1,1,1,1,0,0,1,1,0
502,0,0,0,1,0,1,1,0,0,0,0,0,0,1,0,0,0,1,0,0,0,1,0,0,1,1,0,1,1,0,0,1,0,1,0,0
503,0,1,0,1,1,1,1,1,0,0,0,0,1,1,1,1,0,1,0,1,1,0,0,0,0,0,0,0,1,0,0,0,1,1,1,0
504,1,0,1,0,1,1,1,0,0,0,1,1,1,1,0,1,0,1,0,0,0,1,0,0,1,0,1,1,0,0,1,0,1,0,1,0
505,1,0,0,1,1,1,1,1,0,1,0,1,1,1,0,0,0,1,0,1,1,1,0,1,0,0,0,1,0,0,0,0,1,0,0,1
506,1,0,0,0,1,0,1,0,1,1,0,1,1,0,0,1,0,0,1,1,0,0,0,1,0,1,1,0,1,1,0,1,0,1,1,1
507,0,0,1,1,0,1,0,0,0,0,1,0,0,0,1,0,1,0,1,1,1,0,1,0,0,0,0,0,0,1,1,0,0,1,0,0
508,0,0,1,0,1,1,1,1,1,1,1,0,1,1,0,1,0,0,0,1,0,0,0,1,1,1,0,1,0,1,0,1,0,1,1,0
509,1,0,1,1,1,1,1,0,1,0,1,0,0,1,1,0,1,1,1,0,0,0,1,1,1,1,1,0,0,0,0,0,0,1,0,0
510,0,0,0,0,0,1,0,0,1,0,1,1,0,0,0,0,0,0,1,0,1,0,0,1,1,1,1,0,1,1,1,0,1,1,0,0
511,0,1,1,0,1,1,0,1,1,1,1,0,1,1,1,0,1,1,0,1,0,1,1,1,0,1,0,0,0,0,1,1,0,1,0,1
512,0,0,1,1,0,1,1,1,0,0,0,1,1,0,0,0,1,1,0,0,1,1,1,0,0,0,0,1,0,1,1,1,1,1,0,0
513,0,1,0,1,0,1,0,1,1,0,0,0,0,1,0,1,0,1,1,1,1,1,1,1,0,1,0,1,1,1,1,0,0,0,1,0
514,0,0,1,0,1,1,1,0,1,1,0,1,1,0,1,0,1,1,0,0,0,1,1,1,1,0,1,1,0,1,1,0,0,0,1,0
515,0,0,0,0,1,0,0,0,0,1,0,1,1,1,0,1,0,1,1,0,1,1,0,0,0,1,0,1,0,0,0,1,0,0,1,0
516,1,1,0,1,0,1,1,0,1,1,0,0,1,0,1,0,1,0,0,0,1,0,0,0,1,1,1,0,0,0,0,0,1,1,1,1
517,0,0,1,0,1,0,1,1,0,1,1,1,1,1,1,0,0,0,0,1,1,1,1,1,1,1,0,0,0,1,1,0,1,0,0,1
518,1,0,1,0,0,1,1,0,1,0,0,1,1,0,0,1,1,1,0,1,0,1,0,1,1,1,0,0,0,0,0,1,1,0,1,1
519,1,1,1,1,0,0,0,0,0,1,0,1,1,0,1,0,1,1,0,1,0,1,1,1,0,1,0,0,1,1,0,1,1,1,1,0
520,0,1,0,0,1,1,0,0,1,1,1,1,0,1,0,1,1,1,1,1,1,0,1,1,0,1,0,1,0,1,1,0,1,1,0,1
521,0,1,0,1,0,1,1,1,0,0,1,0,0,1,0,1,1,1,1,0,0,0,0,0,0,1,1,1,1,1,1,0,0,0,0,1
522,0,1,1,1,0,0,1,0,1,1,1,1,0,0,0,1,1,0,0,0,1,0,1,0,0,0,1,0,1,1,0,1,1,1,1,0
523,0,0,0,1,1,1,0,0,1,1,1,0,1,1,0,0,0,1,0,1,0,0,1,0,0,1,1,0,0,0,0,0,1,0,0,1
524,0,1,0,0,1,0,0,0,0,1,0,1,0,0,1,1,0,1,0,0,0,0,1,0,0,1,0,0,0,0,1,1,1,1,0,0
525,0,0,1,0,0,1,0,1,0,0,1,0,0,0,1,1,1,0,1,0,0,1,0,0,1,1,0,1,0,1,1,0,1,0,0,1
526,0,0,1,1,0,1,0,1,1,1,0,0,0,0,0,1,1,0,1,1,1,0,0,0,0,0,0,0,1,1,0,1,0,0,0,1
527,1,0,1,0,0,1,0,0,1,1,0,1,0,1,1,1,0,0,1,1,0,0,1,1,1,0,0,0,1,0,1,0,0,1,1,1
528,0,0,0,0,1,1,0,1,1,0,1,1,0,0,0,1,1,0,1,0,1,1,1,1,0,0,0,0,0,0,0,1,0,0,1,0
529,1,1,1,0,0,1,1,0,0,0,0,1,1,0,1,0,1,0,0,1,0,1,0,0,0,1,1,1,0,1,0,1,1,1,0,1
530,0,0,0,0,0,1,0,1,1,1,0,1,1,1,1,1,0,0,0,0,0,0,1,1,1,1,1,1,1,0,0,1,0,0,0,1
531,1,0,0,1,0,1,1,1,1,0,1,0,1,1,1,0,0,0,1,0,0,1,1,0,0,0,0,0,1,0,1,1,1,0,1,1
532,0,0,1,1,0,0,1,0,1,1,0,1,0,1,1,0,0,0,1,0,0,1,1,1,1,1,1,1,1,1,1,0,1,1,1,1
533,1,0,1,1,0,1,1,0,0,1,0,0,0,0,0,0,1,1,1,1,0,1,1,1,0,0,1,1,1,1,0,0,0,0,1,0
534,0,1,0,0,0,1,0,1,1,0,1,0,0,0,0,1,1,0,1,0,1,1,0,0,1,0,0,1,1,1,0,0,0,1,1,0
535,0,1,1,0,1,0,1,0,0,0,1,0,0,0,1,0,0,0,0,0,0,0,1,0,1,1,0,1,1,1,1,0,0,0,0,1
536,0,1,0,1,0,1,1,1,1,1,0,1,0,0,1,1,1,1,1,0,0,0,1,0,0,1,0,1,1,1,1,1,0,0,1,0
537,0,1,0,1,1,0,1,0,1,0,1,0,1,0,0,1,1,1,1,1,1,0,0,1,1,0,0,0,0,1,1,0,1,1,1,0
538,0,0,0,0,1,1,0,0,1,1,0,0,1,0,0,0,0,1,0,1,1,0,0,1,1,1,0,1,1,0,0,0,1,0,1,0
539,1,1,1,0,0,0,1,1,1,1,1,0,1,1,0,0,0,1,1,0,1,1,0,0,1,1,0,0,1,0,1,0,1,0,0,0
540,0,1,0,1,0,1,0,0,1,1,1,0,1,0,0,1,0,1,0,1,1,1,1,0,0,0,0,1,1,0,1,0,1,1,1,0
541,0,1,0,0,0,1,0,0,0,1,1,0,1,0,0,0,1,0,0,0,0,1,1,1,1,0,1,1,0,0,0,0,0,1,1,0
542,0,1,1,1,0,1,0,1,0,0,0,1,0,1,1,0,0,1,1,1,0,0,1,1,0,0,1,0,1,0,1,1,1,1,1,0
543,0,0,1,1,1,0,0,0,0,0,0,1,0,1,1,1,1,0,1,0,1,1,0,0,1,0,0,0,1,1,1,1,0,1,0,1
544,0,0,1,1,1,1,1,0,0,0,1,0,0,1,1,0,1,1,0,1,1,0,0,1,0,0,1,1,1,0,0,0,1,1,0,0
545,1,0,1,0,1,0,1,0,1,0,0,0,0,0,0,1,1,0,1,1,1,1,0,0,0,0,1,0,0,0,1,1,0,1,0,1
546,1,1,0,1,1,1,1,1,0,0,1,1,1,0,0,0,0,1,1,1,1,1,0,0,1,0,1,0,0,0,0,1,1,0,1,1
547,0,0,0,0,1,1,1,1,0,0,1,1,1,0,1,0,0,0,1,1,1,0,1,1,0,0,1,1,1,1,1,1,0,0,1,0
548,1,0,1,1,0,1,0,0,1,0,1,1,1,1,1,1,0,1,1,0,1,0,0,1,0,1,1,0,0,1,1,1,0,1,1,1
549,1,0,1,0,1,1,1,0,0,0,1,0,0,0,0,1,1,0,0,0,0,1,1,0,1,0,0,0,1,1,1,0,1,1,0,1
550,1,0,0,0,0,0,0,1,1,1,1,0,0,0,0,1,1,1,0,1,0,0,1,0,1,1,0,1,1,0,0,1,1,1,0,1
551,1,0,1,0,0,0,0,0,1,0,1,0,1,0,0,1,1,1,1,0,1,0,1,0,0,0,0,1,0,1,0,0,1,1,0,0
552,1,0,0,0,1,1,1,0,1,1,1,0,1,1,1,0,0,0,1,0,1,0,0,1,0,1,1,1,1,0,1,0,1,0,0,1
553,0,1,0,0,0,1,1,1,0,1,0,0,0,0,0,0,1,1,0,0,0,0,0,0,0,1,0,1,0,1,0,1,1,0,0,1
554,1,1,1,0,1,0,0,0,1,0,1,1,0,0,0,1,0,1,0,0,0,0,0,1,1,0,0,0,0,0,1,1,0,1,1,1
555,1,0,1,0,1,1,0,0,0,1,1,0,1,0,0,1,1,1,1,0,0,0,0,0,1,0,1,0,0,0,1,1,1,1,0,1
556,1,0,0,1,1,1,1,0,1,1,0,1,1,0,0,0,0,0,1,1,1,0,1,0,0,0,0,1,1,1,1,0,0,0,0,1
557,0,1,0,1,1,1,1,0,1,1,0,1,1,0,1,1,0,1,0,1,0,1,0,1,1,1,1,0,1,1,0,0,1,0,1,1
558,0,0,0,0,0,1,1,1,0,0,1,1,0,1,0,0,0,0,0,0,1,1,1,1,1,1,1,0,1,0,0,0,0,0,0,1
559,0,1,0,1,0,0,0,0,1,1,0,1,1,1,1,1,1,0,1,1,1,1,0,0,0,1,1,0,1,0,1,1,1,1,1,1
560,0,1,0,0,1,1,1,1,0,1,0,1,1,0,0,0,0,0,1,1,0,1,0,1,0,0,0,0,1,0,0,0,1,0,1,0
561,1,1,0,0,1,0,1,1,0,0,0,1,1,1,1,1,1,0,1,1,0,1,1,1,1,0,0,0,1,0,1,1,1,1,0,0
562,0,1,0,0,0,0,0,0,0,0,1,0,0,1,0,1,1,1,0,0,1,1,1,0,1,1,0,1,0,0,1,0,1,1,1,1
563,0,0,1,1,1,0,0,1,0,1,1,1,1,0,0,1,0,0,0,1,1,1,1,0,1,0,1,1,1,1,1,0,1,1,0,0
564,0,1,0,1,0,0,1,1,1,1,1,0,1,1,1,0,0,0,1,1,1,0,0,0,1,0,0,0,1,1,1,1,0,0,0,1
565,0,1,1,1,1,1,0,1,0,1,1,0,1,1,0,0,0,0,0,0,1,0,1,1,1,1,0,1,0,0,1,0,0,0,1,1
566,1,0,0,1,0,0,1,1,1,0,1,0,1,0,0,1,1,0,0,1,0,1,0,1,1,1,1,1,1,0,1,1,1,1,1,0
567,1,0,0,0,1,0,1,0,0,1,0,0,0,0,0,1,0,1,1,1,0,0,1,0,1,0,0,0,1,1,0,1,1,1,1,0
568,0,0,1,0,1,1,1,1,1,1,1,0,0,1,1,1,0,0,0,0,1,1,1,0,0,0,0,0,0,1,0,1,0,0,1,1
569,1,0,1,0,1,0,1,1,0,0,1,1,1,1,0,1,1,0,1,1,0,1,0,0,0,1,0,0,0,0,1,1,1,0,1,0
570,0,0,0,1,0,0,1,1,0,1,1,0,0,1,0,0,1,1,1,0,1,1,0,1,1,0,1,1,0,0,0,0,0,1,0,1
571,0,1,0,0,0,1,1,1,1,0,1,1,0,1,1,0,1,1,1,0,1,1,1,0,1,1,1,0,1,1,0,1,0,1,1,0
572,0,0,0,1,0,0,1,0,1,1,1,0,0,1,1,1,0,0,0,1,1,0,1,0,1,1,1,1,0,0,0,0,0,0,0,1
573,0,1,0,1,0,0,1,0,1,1,1,1,1,1,1,1,1,0,0,0,0,0,1,1,0,1,0,1,1,0,0,0,0,1,1,1
574,0,0,1,1,1,0,1,0,0,0,0,1,0,1,0,1,0,1,1,1,0,1,0,1,1,1,0,1,1,1,0,1,1,0,0,0
575,0,0,1,1,1,1,1,1,1,1,1,0,1,0,1,0,1,0,1,0,0,0,1,1,0,1,0,1,0,1,1,0,0,1,0,0
576,1,1,1,0,1,0,1,0,1,1,0,0,1,1,1,1,0,1,1,1,1,0,0,0,1,0,1,1,1,0,1,0,0,1,1,1
577,0,0,0,0,1,0,0,0,0,1,1,1,0,0,1,0,1,0,1,1,1,0,0,1,0,1,0,0,1,1,1,1,1,0,0,0
578,1,1,0,1,1,0,1,0,1,0,0,0,1,1,0,1,1,1,0,1,1,1,1,1,1,0,0,1,1,0,1,0,0,0,1,0
579,1,0,0,1,1,0,1,0,1,0,1,0,1,0,0,1,0,0,1,0,0,0,0,0,1,1,0,1,0,0,1,0,1,0,1,1
580,0,0,0,1,1,1,1,1,0,0,1,1,0,1,0,1,0,0,0,0,1,1,1,0,1,1,0,1,0,0,1,1,0,1,1,0
581,0,0,0,1,1,0,0,0,1,0,1,0,0,1,0,1,1,1,1,0,1,0,0,0,0,1,1,0,0,0,0,1,1,1,1,1
582,0,0,1,0,1,1,0,0,0,0,1,1,0,1,0,1,1,0,1,1,1,0,0,0,1,0,0,1,1,1,0,0,0,0,1,1
583,0,0,1,1,0,0,1,1,0,1,0,0,0,1,1,1,1,0,1,0,1,1,0,0,0,1,0,0,1,0,0,0,1,0,1,0
584,0,1,1,1,1,1,1,1,0,0,1,0,0,0,1,1,1,1,1,0,0,0,0,0,0,0,1,0,0,0,1,0,1,1,1,0
585,0,0,1,0,0,1,0,0,0,1,0,1,1,0,0,1,0,0,0,0,0,1,1,0,1,0,0,0,1,1,1,1,1,0,1,1
586,1,1,1,0,1,0,0,0,0,0,1,1,1,0,1,1,1,1,1,0,0,1,0,0,1,0,1,1,0,1,1,1,0,0,1,1
