0,0,1,1,0,1,1,0,1,1,1,0,0,0,0,1,0,0,1,1,0,1,0,0,1,1,1,0,0,0,0,1,0,0,1,1,1
1,0,1,1,0,1,1,0,1,0,1,0,0,0,0,1,0,0,0,1,0,1,0,0,1,1,1,1,0,0,0,1,0,0,1,1,0
2,0,1,1,0,1,1,0,0,1,1,0,0,0,0,1,0,1,1,1,0,1,0,0,1,1,0,0,0,0,0,1,0,0,1,0,1
3,0,1,1,0,1,1,0,0,0,1,0,0,0,0,1,0,1,0,1,0,1,0,0,1,1,0,1,0,0,0,1,0,0,1,0,0
4,0,1,1,0,1,1,1,1,1,1,0,0,0,0,1,1,0,1,1,0,1,0,0,1,0,1,0,0,0,0,1,0,0,0,1,1
5,0,1,1,0,1,1,1,1,0,1,0,0,0,0,1,1,0,0,1,0,1,0,0,1,0,1,1,0,0,0,1,0,0,0,1,0
6,0,1,1,0,1,1,1,0,1,1,0,0,0,0,1,1,1,1,1,0,1,0,0,1,0,0,0,0,0,0,1,0,0,0,0,1
7,0,1,1,0,1,1,1,0,0,1,0,0,0,0,1,1,1,0,1,0,1,0,0,1,0,0,1,0,0,0,1,0,0,0,0,0
8,0,1,1,0,1,0,0,1,1,1,0,0,0,0,0,0,0,1,1,0,1,0,0,0,1,1,0,0,0,0,1,0,1,1,1,1
9,0,1,1,0,1,0,0,1,0,1,0,0,0,0,0,0,0,0,1,0,1,0,0,0,1,1,1,0,0,0,1,0,1,1,1,0
10,0,1,1,0,1,0,0,0,1,1,0,0,0,0,0,0,1,1,1,0,1,0,0,0,1,0,0,0,0,0,1,0,1,1,0,1
11,0,1,1,0,1,0,0,0,0,1,0,0,0,0,0,0,1,0,1,0,1,0,0,0,1,0,1,0,0,0,1,0,1,1,0,0
12,0,1,1,0,1,0,1,1,1,1,0,0,0,0,0,1,0,1,1,0,1,0,0,0,0,1,0,0,0,0,1,0,1,0,1,1
13,0,1,1,0,1,0,1,1,0,1,0,0,0,0,0,1,0,0,1,0,1,0,0,0,0,1,1,0,0,0,1,0,1,0,1,0
14,0,1,1,0,1,0,1,0,1,1,0,0,0,0,0,1,1,1,1,0,1,0,0,0,0,0,0,0,0,0,1,0,1,0,0,1
15,0,1,1,0,1,0,1,0,0,1,0,0,0,0,0,1,1,0,1,0,1,0,0,0,0,0,1,0,0,0,1,0,1,0,0,0
16,0,1,1,0,0,1,0,1,1,1,0,0,0,1,1,0,0,1,1,0,1,0,1,1,1,1,0,0,0,0,1,1,0,1,1,1
17,0,1,1,0,0,1,0,1,0,1,0,0,0,1,1,0,0,0,1,0,1,0,1,1,1,1,1,0,0,0,1,1,0,1,1,0
18,0,1,1,0,0,1,0,0,1,1,0,0,0,1,1,0,1,1,1,0,1,0,1,1,1,0,0,0,0,0,1,1,0,1,0,1
19,0,1,1,0,0,1,0,0,0,1,0,0,0,1,1,0,1,0,1,0,1,0,1,1,1,0,1,0,0,0,1,1,0,1,0,0
20,0,1,1,0,0,1,1,1,1,1,0,0,0,1,1,1,0,1,1,0,1,0,1,1,0,1,0,0,0,0,1,1,0,0,1,1
21,0,1,1,0,0,1,1,1,0,1,0,0,0,1,1,1,0,0,1,0,1,0,1,1,0,1,1,0,0,0,1,1,0,0,1,0
22,0,1,1,0,0,1,1,0,1,1,0,0,0,1,1,1,1,1,1,0,1,0,1,1,0,0,0,0,0,0,1,1,0,0,0,1
23,0,1,1,0,0,1,1,0,0,1,0,0,0,1,1,1,1,0,1,0,1,0,1,1,0,0,1,0,0,0,1,1,0,0,0,0
24,0,1,1,0,0,0,0,1,1,1,0,0,0,1,0,0,0,1,1,0,1,0,1,0,1,1,0,0,0,0,1,1,1,1,1,1
25,0,1,1,0,0,0,0,1,0,1,0,0,0,1,0,0,0,0,1,0,1,0,1,0,1,1,1,0,0,0,1,1,1,1,1,0
26,0,1,1,0,0,0,0,0,1,1,0,0,0,1,0,0,1,1,1,0,1,0,1,0,1,0,0,0,0,0,1,1,1,1,0,1
27,0,1,1,0,0,0,0,0,0,1,0,0,0,1,0,0,1,0,1,0,1,0,1,0,1,0,1,0,0,0,1,1,1,1,0,0
28,0,1,1,0,0,0,1,1,1,1,0,0,0,1,0,1,0,1,1,0,1,0,1,0,0,1,0,0,0,0,1,1,1,0,1,1
29,0,1,1,0,0,0,1,1,0,1,0,0,0,1,0,1,0,0,1,0,1,0,1,0,0,1,1,0,0,0,1,1,1,0,1,0
30,0,1,1,0,0,0,1,0,1,1,0,0,0,1,0,1,1,1,1,0,1,0,1,0,0,0,0,0,0,0,1,1,1,0,0,1
31,0,1,1,0,0,0,1,0,0,1,0,0,0,1,0,1,1,0,1,0,1,0,1,0,0,0,1,0,0,0,1,1,1,0,0,0
32,0,1,1,1,1,1,0,1,1,1,0,0,1,0,1,0,0,1,1,0,1,1,0,1,1,1,0,0,0,0,0,0,0,1,1,1
33,0,1,1,1,1,1,0,1,0,1,0,0,1,0,1,0,0,0,1,0,1,1,0,1,1,1,1,0,0,0,0,0,0,1,1,0
34,0,1,1,1,1,1,0,0,1,1,0,0,1,0,1,0,1,1,1,0,1,1,0,1,1,0,0,0,0,0,0,0,0,1,0,1
35,0,1,1,1,1,1,0,0,0,1,0,0,1,0,1,0,1,0,1,0,1,1,0,1,1,0,1,0,0,0,0,0,0,1,0,0
36,0,1,1,1,1,1,1,1,1,1,0,0,1,0,1,1,0,1,1,0,1,1,0,1,0,1,0,0,0,0,0,0,0,0,1,1
37,0,1,1,1,1,1,1,1,0,1,0,0,1,0,1,1,0,0,1,0,1,1,0,1,0,1,1,0,0,0,0,0,0,0,1,0
38,0,1,1,1,1,1,1,0,1,1,0,0,1,0,1,1,1,1,1,0,1,1,0,1,0,0,0,0,0,0,0,0,0,0,0,1
39,0,1,1,1,1,1,1,0,0,1,0,0,1,0,1,1,1,0,1,0,1,1,0,1,0,0,1,0,0,0,0,0,0,0,0,0
40,0,1,1,1,1,0,0,1,1,1,0,0,1,0,0,0,0,1,1,0,1,1,0,0,1,1,0,0,0,0,0,0,1,1,1,1
41,0,1,1,1,1,0,0,1,0,1,0,0,1,0,0,0,0,0,1,0,1,1,0,0,1,1,1,0,0,0,0,0,1,1,1,0
42,0,1,1,1,1,0,0,0,1,1,0,0,1,0,0,0,1,1,1,0,1,1,0,0,1,0,0,0,0,0,0,0,1,1,0,1
43,0,1,1,1,1,0,0,0,0,1,0,0,1,0,0,0,1,0,1,0,1,1,0,0,1,0,1,0,0,0,0,0,1,1,0,0
44,0,1,1,1,1,0,1,1,1,1,0,0,1,0,0,1,0,1,1,0,1,1,0,0,0,1,0,0,0,0,0,0,1,0,1,1
45,0,1,1,1,1,0,1,1,0,1,0,0,1,0,0,1,0,0,1,0,1,1,0,0,0,1,1,0,0,0,0,0,1,0,1,0
46,0,1,1,1,1,0,1,0,1,1,0,0,1,0,0,1,1,1,1,0,1,1,0,0,0,0,0,0,0,0,0,0,1,0,0,1
47,0,1,1,1,1,0,1,0,0,1,0,0,1,0,0,1,1,0,1,0,1,1,0,0,0,0,1,0,0,0,0,0,1,0,0,0
48,0,1,1,1,0,1,0,1,1,1,0,0,1,1,1,0,0,1,1,0,1,1,1,1,1,1,0,0,0,0,0,1,0,1,1,1
49,0,1,1,1,0,1,0,1,0,1,0,0,1,1,1,0,0,0,1,0,1,1,1,1,1,1,1,0,0,0,0,1,0,1,1,0
50,0,1,1,1,0,1,0,0,1,1,0,0,1,1,1,0,1,1,1,0,1,1,1,1,1,0,0,0,0,0,0,1,0,1,0,1
51,0,1,1,1,0,1,0,0,0,1,0,0,1,1,1,0,1,0,1,0,1,1,1,1,1,0,1,0,0,0,0,1,0,1,0,0
52,0,1,1,1,0,1,1,1,1,1,0,0,1,1,1,1,0,1,1,0,1,1,1,1,0,1,0,0,0,0,0,1,0,0,1,1
53,0,1,1,1,0,1,1,1,0,1,0,0,1,1,1,1,0,0,1,0,1,1,1,1,0,1,1,0,0,0,0,1,0,0,1,0
54,0,1,1,1,0,1,1,0,1,1,0,0,1,1,1,1,1,1,1,0,1,1,1,1,0,0,0,0,0,0,0,1,0,0,0,1
55,0,1,1,1,0,1,1,0,0,1,0,0,1,1,1,1,1,0,1,0,1,1,1,1,0,0,1,0,0,0,0,1,0,0,0,0
56,0,1,1,1,0,0,0,1,1,1,0,0,1,1,0,0,0,1,1,0,1,1,1,0,1,1,0,0,0,0,0,1,1,1,1,1
57,0,1,1,1,0,0,0,1,0,1,0,0,1,1,0,0,0,0,1,0,1,1,1,0,1,1,1,0,0,0,0,1,1,1,1,0
58,0,1,1,1,0,0,0,0,1,1,0,0,1,1,0,0,1,1,1,0,1,1,1,0,1,0,0,0,0,0,0,1,1,1,0,1
59,0,1,1,1,0,0,0,0,0,1,0,0,1,1,0,0,1,0,1,0,1,1,1,0,1,0,1,0,0,0,0,1,1,1,0,0
60,0,1,1,1,0,0,1,1,1,1,0,0,1,1,0,1,0,1,1,0,1,1,1,0,0,1,0,0,0,0,0,1,1,0,1,1
61,0,1,1,1,0,0,1,1,0,1,0,0,1,1,0,1,0,0,1,0,1,1,1,0,0,1,1,0,0,0,0,1,1,0,1,0
62,0,1,1,1,0,0,1,0,1,1,0,0,1,1,0,1,1,1,1,0,1,1,1,0,0,0,0,0,0,0,0,1,1,0,0,1
63,0,1,1,1,0,0,1,0,0,1,0,0,1,1,0,1,1,0,1,0,1,1,1,0,0,0,1,0,0,0,0,1,1,0,0,0
64,0,1,0,0,1,1,0,1,1,1,0,1,0,0,1,0,0,1,1,0,0,0,0,1,1,1,0,0,0,1,1,0,0,1,1,1
65,0,1,0,0,1,1,0,1,0,1,0,1,0,0,1,0,0,0,1,0,0,0,0,1,1,1,1,0,0,1,1,0,0,1,1,0
66,0,1,0,0,1,1,0,0,1,1,0,1,0,0,1,0,1,1,1,0,0,0,0,1,1,0,0,0,0,1,1,0,0,1,0,1
67,0,1,0,0,1,1,0,0,0,1,0,1,0,0,1,0,1,0,1,0,0,0,0,1,1,0,1,0,0,1,1,0,0,1,0,0
68,0,1,0,0,1,1,1,1,1,1,0,1,0,0,1,1,0,1,1,0,0,0,0,1,0,1,0,0,0,1,1,0,0,0,1,1
69,0,1,0,0,1,1,1,1,0,1,0,1,0,0,1,1,0,0,1,0,0,0,0,1,0,1,1,0,0,1,1,0,0,0,1,0
70,0,1,0,0,1,1,1,0,1,1,0,1,0,0,1,1,1,1,1,0,0,0,0,1,0,0,0,0,0,1,1,0,0,0,0,1
71,0,1,0,0,1,1,1,0,0,1,0,1,0,0,1,1,1,0,1,0,0,0,0,1,0,0,1,0,0,1,1,0,0,0,0,0
72,0,1,0,0,1,0,0,1,1,1,0,1,0,0,0,0,0,1,1,0,0,0,0,0,1,1,0,0,0,1,1,0,1,1,1,1
73,0,1,0,0,1,0,0,1,0,1,0,1,0,0,0,0,0,0,1,0,0,0,0,0,1,1,1,0,0,1,1,0,1,1,1,0
74,0,1,0,0,1,0,0,0,1,1,0,1,0,0,0,0,1,1,1,0,0,0,0,0,1,0,0,0,0,1,1,0,1,1,0,1
75,0,1,0,0,1,0,0,0,0,1,0,1,0,0,0,0,1,0,1,0,0,0,0,0,1,0,1,0,0,1,1,0,1,1,0,0
76,0,1,0,0,1,0,1,1,1,1,0,1,0,0,0,1,0,1,1,0,0,0,0,0,0,1,0,0,0,1,1,0,1,0,1,1
77,0,1,0,0,1,0,1,1,0,1,0,1,0,0,0,1,0,0,1,0,0,0,0,0,0,1,1,0,0,1,1,0,1,0,1,0
78,0,1,0,0,1,0,1,0,1,1,0,1,0,0,0,1,1,1,1,0,0,0,0,0,0,0,0,0,0,1,1,0,1,0,0,1
79,0,1,0,0,1,0,1,0,0,1,0,1,0,0,0,1,1,0,1,0,0,0,0,0,0,0,1,0,0,1,1,0,1,0,0,0
80,0,1,0,0,0,1,0,1,1,1,0,1,0,1,1,0,0,1,1,0,0,0,1,1,1,1,0,0,0,1,1,1,0,1,1,1
81,0,1,0,0,0,1,0,1,0,1,0,1,0,1,1,0,0,0,1,0,0,0,1,1,1,1,1,0,0,1,1,1,0,1,1,0
82,0,1,0,0,0,1,0,0,1,1,0,1,0,1,1,0,1,1,1,0,0,0,1,1,1,0,0,0,0,1,1,1,0,1,0,1
83,0,1,0,0,0,1,0,0,0,1,0,1,0,1,1,0,1,0,1,0,0,0,1,1,1,0,1,0,0,1,1,1,0,1,0,0
84,0,1,0,0,0,1,1,1,1,1,0,1,0,1,1,1,0,1,1,0,0,0,1,1,0,1,0,0,0,1,1,1,0,0,1,1
85,0,1,0,0,0,1,1,1,0,1,0,1,0,1,1,1,0,0,1,0,0,0,1,1,0,1,1,0,0,1,1,1,0,0,1,0
86,0,1,0,0,0,1,1,0,1,1,0,1,0,1,1,1,1,1,1,0,0,0,1,1,0,0,0,0,0,1,1,1,0,0,0,1
87,0,1,0,0,0,1,1,0,0,1,0,1,0,1,1,1,1,0,1,0,0,0,1,1,0,0,1,0,0,1,1,1,0,0,0,0
88,0,1,0,0,0,0,0,1,1,1,0,1,0,1,0,0,0,1,1,0,0,0,1,0,1,1,0,0,0,1,1,1,1,1,1,1
89,0,1,0,0,0,0,0,1,0,1,0,1,0,1,0,0,0,0,1,0,0,0,1,0,1,1,1,0,0,1,1,1,1,1,1,0
90,0,1,0,0,0,0,0,0,1,1,0,1,0,1,0,0,1,1,1,0,0,0,1,0,1,0,0,0,0,1,1,1,1,1,0,1
91,0,1,0,0,0,0,0,0,0,1,0,1,0,1,0,0,1,0,1,0,0,0,1,0,1,0,1,0,0,1,1,1,1,1,0,0
92,0,1,0,0,0,0,1,1,1,1,0,1,0,1,0,1,0,1,1,0,0,0,1,0,0,1,0,0,0,1,1,1,1,0,1,1
93,0,1,0,0,0,0,1,1,0,1,0,1,0,1,0,1,0,0,1,0,0,0,1,0,0,1,1,0,0,1,1,1,1,0,1,0
94,0,1,0,0,0,0,1,0,1,1,0,1,0,1,0,1,1,1,1,0,0,0,1,0,0,0,0,0,0,1,1,1,1,0,0,1
95,0,1,0,0,0,0,1,0,0,1,0,1,0,1,0,1,1,0,1,0,0,0,1,0,0,0,1,0,0,1,1,1,1,0,0,0
96,0,1,0,1,1,1,0,1,1,1,0,1,1,0,1,0,0,1,1,0,0,1,0,1,1,1,0,0,0,1,0,0,0,1,1,1
97,0,1,0,1,1,1,0,1,0,1,0,1,1,0,1,0,0,0,1,0,0,1,0,1,1,1,1,0,0,1,0,0,0,1,1,0
98,0,1,0,1,1,1,0,0,1,1,0,1,1,0,1,0,1,1,1,0,0,1,0,1,1,0,0,0,0,1,0,0,0,1,0,1
99,0,1,0,1,1,1,0,0,0,1,0,1,1,0,1,0,1,0,1,0,0,1,0,1,1,0,1,0,0,1,0,0,0,1,0,0
100,0,1,0,1,1,1,1,1,1,1,0,1,1,0,1,1,0,1,1,0,0,1,0,1,0,1,0,0,0,1,0,0,0,0,1,1
101,0,1,0,1,1,1,1,1,0,1,0,1,1,0,1,1,0,0,1,0,0,1,0,1,0,1,1,0,0,1,0,0,0,0,1,0
102,0,1,0,1,1,1,1,0,1,1,0,1,1,0,1,1,1,1,1,0,0,1,0,1,0,0,0,0,0,1,0,0,0,0,0,1
103,0,1,0,1,1,1,1,0,0,1,0,1,1,0,1,1,1,0,1,0,0,1,0,1,0,0,1,0,0,1,0,0,0,0,0,0
104,0,1,0,1,1,0,0,1,1,1,0,1,1,0,0,0,0,1,1,0,0,1,0,0,1,1,0,0,0,1,0,0,1,1,1,1
105,0,1,0,1,1,0,0,1,0,1,0,1,1,0,0,0,0,0,1,0,0,1,0,0,1,1,1,0,0,1,0,0,1,1,1,0
106,0,1,0,1,1,0,0,0,1,1,0,1,1,0,0,0,1,1,1,0,0,1,0,0,1,0,0,0,0,1,0,0,1,1,0,1
107,0,1,0,1,1,0,0,0,0,1,0,1,1,0,0,0,1,0,1,0,0,1,0,0,1,0,1,0,0,1,0,0,1,1,0,0
108,0,1,0,1,1,0,1,1,1,1,0,1,1,0,0,1,0,1,1,0,0,1,0,0,0,1,0,0,0,1,0,0,1,0,1,1
109,0,1,0,1,1,0,1,1,0,1,0,1,1,0,0,1,0,0,1,0,0,1,0,0,0,1,1,0,0,1,0,0,1,0,1,0
110,0,1,0,1,1,0,1,0,1,1,0,1,1,0,0,1,1,1,1,0,0,1,0,0,0,0,0,0,0,1,0,0,1,0,0,1
111,0,1,0,1,1,0,1,0,0,1,0,1,1,0,0,1,1,0,1,0,0,1,0,0,0,0,1,0,0,1,0,0,1,0,0,0
112,0,1,0,1,0,1,0,1,1,1,0,1,1,1,1,0,0,1,1,0,0,1,1,1,1,1,0,0,0,1,0,1,0,1,1,1
113,0,1,0,1,0,1,0,1,0,1,0,1,1,1,1,0,0,0,1,0,0,1,1,1,1,1,1,0,0,1,0,1,0,1,1,0
114,0,1,0,1,0,1,0,0,1,1,0,1,1,1,1,0,1,1,1,0,0,1,1,1,1,0,0,0,0,1,0,1,0,1,0,1
115,0,1,0,1,0,1,0,0,0,1,0,1,1,1,1,0,1,0,1,0,0,1,1,1,1,0,1,0,0,1,0,1,0,1,0,0
116,0,1,0,1,0,1,1,1,1,1,0,1,1,1,1,1,0,1,1,0,0,1,1,1,0,1,0,0,0,1,0,1,0,0,1,1
117,0,1,0,1,0,1,1,1,0,1,0,1,1,1,1,1,0,0,1,0,0,1,1,1,0,1,1,0,0,1,0,1,0,0,1,0
118,0,1,0,1,0,1,1,0,1,1,0,1,1,1,1,1,1,1,1,0,0,1,1,1,0,0,0,0,0,1,0,1,0,0,0,1
119,0,1,0,1,0,1,1,0,0,1,0,1,1,1,1,1,1,0,1,0,0,1,1,1,0,0,1,0,0,1,0,1,0,0,0,0
120,0,1,0,1,0,0,0,1,1,1,0,1,1,1,0,0,0,1,1,0,0,1,1,0,1,1,0,0,0,1,0,1,1,1,1,1
121,0,1,0,1,0,0,0,1,0,1,0,1,1,1,0,0,0,0,1,0,0,1,1,0,1,1,1,0,0,1,0,1,1,1,1,0
122,0,1,0,1,0,0,0,0,1,1,0,1,1,1,0,0,1,1,1,0,0,1,1,0,1,0,0,0,0,1,0,1,1,1,0,1
123,0,1,0,1,0,0,0,0,0,1,0,1,1,1,0,0,1,0,1,0,0,1,1,0,1,0,1,0,0,1,0,1,1,1,0,0
124,0,1,0,1,0,0,1,1,1,1,0,1,1,1,0,1,0,1,1,0,0,1,1,0,0,1,0,0,0,1,0,1,1,0,1,1
125,0,1,0,1,0,0,1,1,0,1,0,1,1,1,0,1,0,0,1,0,0,1,1,0,0,1,1,0,0,1,0,1,1,0,1,0
126,0,1,0,1,0,0,1,0,1,1,0,1,1,1,0,1,1,1,1,0,0,1,1,0,0,0,0,0,0,1,0,1,1,0,0,1
127,0,1,0,1,0,0,1,0,0,1,0,1,1,1,0,1,1,0,1,0,0,1,1,0,0,0,1,0,0,1,0,1,1,0,0,0
128,0,0,1,0,1,1,0,1,1,1,1,0,0,0,1,0,0,1,1,1,1,0,0,1,1,1,0,0,1,0,1,0,0,1,1,1
129,0,0,1,0,1,1,0,1,0,1,1,0,0,0,1,0,0,0,1,1,1,0,0,1,1,1,1,0,1,0,1,0,0,1,1,0
130,0,0,1,0,1,1,0,0,1,1,1,0,0,0,1,0,1,1,1,1,1,0,0,1,1,0,0,0,1,0,1,0,0,1,0,1
131,0,0,1,0,1,1,0,0,0,1,1,0,0,0,1,0,1,0,1,1,1,0,0,1,1,0,1,0,1,0,1,0,0,1,0,0
132,0,0,1,0,1,1,1,1,1,1,1,0,0,0,1,1,0,1,1,1,1,0,0,1,0,1,0,0,1,0,1,0,0,0,1,1
133,0,0,1,0,1,1,1,1,0,1,1,0,0,0,1,1,0,0,1,1,1,0,0,1,0,1,1,0,1,0,1,0,0,0,1,0
134,0,0,1,0,1,1,1,0,1,1,1,0,0,0,1,1,1,1,1,1,1,0,0,1,0,0,0,0,1,0,1,0,0,0,0,1
135,0,0,1,0,1,1,1,0,0,1,1,0,0,0,1,1,1,0,1,1,1,0,0,1,0,0,1,0,1,0,1,0,0,0,0,0
136,0,0,1,0,1,0,0,1,1,1,1,0,0,0,0,0,0,1,1,1,1,0,0,0,1,1,0,0,1,0,1,0,1,1,1,1
137,0,0,1,0,1,0,0,1,0,1,1,0,0,0,0,0,0,0,1,1,1,0,0,0,1,1,1,0,1,0,1,0,1,1,1,0
138,0,0,1,0,1,0,0,0,1,1,1,0,0,0,0,0,1,1,1,1,1,0,0,0,1,0,0,0,1,0,1,0,1,1,0,1
139,0,0,1,0,1,0,0,0,0,1,1,0,0,0,0,0,1,0,1,1,1,0,0,0,1,0,1,0,1,0,1,0,1,1,0,0
140,0,0,1,0,1,0,1,1,1,1,1,0,0,0,0,1,0,1,1,1,1,0,0,0,0,1,0,0,1,0,1,0,1,0,1,1
141,0,0,1,0,1,0,1,1,0,1,1,0,0,0,0,1,0,0,1,1,1,0,0,0,0,1,1,0,1,0,1,0,1,0,1,0
142,0,0,1,0,1,0,1,0,1,1,1,0,0,0,0,1,1,1,1,1,1,0,0,0,0,0,0,0,1,0,1,0,1,0,0,1
143,0,0,1,0,1,0,1,0,0,1,1,0,0,0,0,1,1,0,1,1,1,0,0,0,0,0,1,0,1,0,1,0,1,0,0,0
144,0,0,1,0,0,1,0,1,1,1,1,0,0,1,1,0,0,1,1,1,1,0,1,1,1,1,0,0,1,0,1,1,0,1,1,1
145,0,0,1,0,0,1,0,1,0,1,1,0,0,1,1,0,0,0,1,1,1,0,1,1,1,1,1,0,1,0,1,1,0,1,1,0
146,0,0,1,0,0,1,0,0,1,1,1,0,0,1,1,0,1,1,1,1,1,0,1,1,1,0,0,0,1,0,1,1,0,1,0,1
147,0,0,1,0,0,1,0,0,0,1,1,0,0,1,1,0,1,0,1,1,1,0,1,1,1,0,1,0,1,0,1,1,0,1,0,0
148,0,0,1,0,0,1,1,1,1,1,1,0,0,1,1,1,0,1,1,1,1,0,1,1,0,1,0,0,1,0,1,1,0,0,1,1
149,0,0,1,0,0,1,1,1,0,1,1,0,0,1,1,1,0,0,1,1,1,0,1,1,0,1,1,0,1,0,1,1,0,0,1,0
150,0,0,1,0,0,1,1,0,1,1,1,0,0,1,1,1,1,1,1,1,1,0,1,1,0,0,0,0,1,0,1,1,0,0,0,1
151,0,0,1,0,0,1,1,0,0,1,1,0,0,1,1,1,1,0,1,1,1,0,1,1,0,0,1,0,1,0,1,1,0,0,0,0
152,0,0,1,0,0,0,0,1,1,1,1,0,0,1,0,0,0,1,1,1,1,0,1,0,1,1,0,0,1,0,1,1,1,1,1,1
153,0,0,1,0,0,0,0,1,0,1,1,0,0,1,0,0,0,0,1,1,1,0,1,0,1,1,1,0,1,0,1,1,1,1,1,0
154,0,0,1,0,0,0,0,0,1,1,1,0,0,1,0,0,1,1,1,1,1,0,1,0,1,0,0,0,1,0,1,1,1,1,0,1
155,0,0,1,0,0,0,0,0,0,1,1,0,0,1,0,0,1,0,1,1,1,0,1,0,1,0,1,0,1,0,1,1,1,1,0,0
156,0,0,1,0,0,0,1,1,1,1,1,0,0,1,0,1,0,1,1,1,1,0,1,0,0,1,0,0,1,0,1,1,1,0,1,1
157,0,0,1,0,0,0,1,1,0,1,1,0,0,1,0,1,0,0,1,1,1,0,1,0,0,1,1,0,1,0,1,1,1,0,1,0
158,0,0,1,0,0,0,1,0,1,1,1,0,0,1,0,1,1,1,1,1,1,0,1,0,0,0,0,0,1,0,1,1,1,0,0,1
159,0,0,1,0,0,0,1,0,0,1,1,0,0,1,0,1,1,0,1,1,1,0,1,0,0,0,1,0,1,0,1,1,1,0,0,0
160,0,0,1,1,1,1,0,1,1,1,1,0,1,0,1,0,0,1,1,1,1,1,0,1,1,1,0,0,1,0,0,0,0,1,1,1
161,0,0,1,1,1,1,0,1,0,1,1,0,1,0,1,0,0,0,1,1,1,1,0,1,1,1,1,0,1,0,0,0,0,1,1,0
162,0,0,1,1,1,1,0,0,1,1,1,0,1,0,1,0,1,1,1,1,1,1,0,1,1,0,0,0,1,0,0,0,0,1,0,1
163,0,0,1,1,1,1,0,0,0,1,1,0,1,0,1,0,1,0,1,1,1,1,0,1,1,0,1,0,1,0,0,0,0,1,0,0
164,0,0,1,1,1,1,1,1,1,1,1,0,1,0,1,1,0,1,1,1,1,1,0,1,0,1,0,0,1,0,0,0,0,0,1,1
165,0,0,1,1,1,1,1,1,0,1,1,0,1,0,1,1,0,0,1,1,1,1,0,1,0,1,1,0,1,0,0,0,0,0,1,0
166,0,0,1,1,1,1,1,0,1,1,1,0,1,0,1,1,1,1,1,1,1,1,0,1,0,0,0,0,1,0,0,0,0,0,0,1
167,0,0,1,1,1,1,1,0,0,1,1,0,1,0,1,1,1,0,1,1,1,1,0,1,0,0,1,0,1,0,0,0,0,0,0,0
168,0,0,1,1,1,0,0,1,1,1,1,0,1,0,0,0,0,1,1,1,1,1,0,0,1,1,0,0,1,0,0,0,1,1,1,1
169,0,0,1,1,1,0,0,1,0,1,1,0,1,0,0,0,0,0,1,1,1,1,0,0,1,1,1,0,1,0,0,0,1,1,1,0
170,0,0,1,1,1,0,0,0,1,1,1,0,1,0,0,0,1,1,1,1,1,1,0,0,1,0,0,0,1,0,0,0,1,1,0,1
171,0,0,1,1,1,0,0,0,0,1,1,0,1,0,0,0,1,0,1,1,1,1,0,0,1,0,1,0,1,0,0,0,1,1,0,0
172,0,0,1,1,1,0,1,1,1,1,1,0,1,0,0,1,0,1,1,1,1,1,0,0,0,1,0,0,1,0,0,0,1,0,1,1
173,0,0,1,1,1,0,1,1,0,1,1,0,1,0,0,1,0,0,1,1,1,1,0,0,0,1,1,0,1,0,0,0,1,0,1,0
174,0,0,1,1,1,0,1,0,1,1,1,0,1,0,0,1,1,1,1,1,1,1,0,0,0,0,0,0,1,0,0,0,1,0,0,1
175,0,0,1,1,1,0,1,0,0,1,1,0,1,0,0,1,1,0,1,1,1,1,0,0,0,0,1,0,1,0,0,0,1,0,0,0
176,0,0,1,1,0,1,0,1,1,1,1,0,1,1,1,0,0,1,1,1,1,1,1,1,1,1,0,0,1,0,0,1,0,1,1,1
177,0,0,1,1,0,1,0,1,0,1,1,0,1,1,1,0,0,0,1,1,1,1,1,1,1,1,1,0,1,0,0,1,0,1,1,0
178,0,0,1,1,0,1,0,0,1,1,1,0,1,1,1,0,1,1,1,1,1,1,1,1,1,0,0,0,1,0,0,1,0,1,0,1
179,0,0,1,1,0,1,0,0,0,1,1,0,1,1,1,0,1,0,1,1,1,1,1,1,1,0,1,0,1,0,0,1,0,1,0,0
180,0,0,1,1,0,1,1,1,1,1,1,0,1,1,1,1,0,1,1,1,1,1,1,1,0,1,0,0,1,0,0,1,0,0,1,1
181,0,0,1,1,0,1,1,1,0,1,1,0,1,1,1,1,0,0,1,1,1,1,1,1,0,1,1,0,1,0,0,1,0,0,1,0
182,0,0,1,1,0,1,1,0,1,1,1,0,1,1,1,1,1,1,1,1,1,1,1,1,0,0,0,0,1,0,0,1,0,0,0,1
183,0,0,1,1,0,1,1,0,0,1,1,0,1,1,1,1,1,0,1,1,1,1,1,1,0,0,1,0,1,0,0,1,0,0,0,0
184,0,0,1,1,0,0,0,1,1,1,1,0,1,1,0,0,0,1,1,1,1,1,1,0,1,1,0,0,1,0,0,1,1,1,1,1
185,0,0,1,1,0,0,0,1,0,1,1,0,1,1,0,0,0,0,1,1,1,1,1,0,1,1,1,0,1,0,0,1,1,1,1,0
186,0,0,1,1,0,0,0,0,1,1,1,0,1,1,0,0,1,1,1,1,1,1,1,0,1,0,0,0,1,0,0,1,1,1,0,1
187,0,0,1,1,0,0,0,0,0,1,1,0,1,1,0,0,1,0,1,1,1,1,1,0,1,0,1,0,1,0,0,1,1,1,0,0
188,0,0,1,1,0,0,1,1,1,1,1,0,1,1,0,1,0,1,1,1,1,1,1,0,0,1,0,0,1,0,0,1,1,0,1,1
189,0,0,1,1,0,0,1,1,0,1,1,0,1,1,0,1,0,0,1,1,1,1,1,0,0,1,1,0,1,0,0,1,1,0,1,0
190,0,0,1,1,0,0,1,0,1,1,1,0,1,1,0,1,1,1,1,1,1,1,1,0,0,0,0,0,1,0,0,1,1,0,0,1
191,0,0,1,1,0,0,1,0,0,1,1,0,1,1,0,1,1,0,1,1,1,1,1,0,0,0,1,0,1,0,0,1,1,0,0,0
192,0,0,0,0,1,1,0,1,1,1,1,1,0,0,1,0,0,1,1,1,0,0,0,1,1,1,0,0,1,1,1,0,0,1,1,1
193,0,0,0,0,1,1,0,1,0,1,1,1,0,0,1,0,0,0,1,1,0,0,0,1,1,1,1,0,1,1,1,0,0,1,1,0
194,0,0,0,0,1,1,0,0,1,1,1,1,0,0,1,0,1,1,1,1,0,0,0,1,1,0,0,0,1,1,1,0,0,1,0,1
195,0,0,0,0,1,1,0,0,0,1,1,1,0,0,1,0,1,0,1,1,0,0,0,1,1,0,1,0,1,1,1,0,0,1,0,0
196,0,0,0,0,1,1,1,1,1,1,1,1,0,0,1,1,0,1,1,1,0,0,0,1,0,1,0,0,1,1,1,0,0,0,1,1
197,0,0,0,0,1,1,1,1,0,1,1,1,0,0,1,1,0,0,1,1,0,0,0,1,0,1,1,0,1,1,1,0,0,0,1,0
198,0,0,0,0,1,1,1,0,1,1,1,1,0,0,1,1,1,1,1,1,0,0,0,1,0,0,0,0,1,1,1,0,0,0,0,1
199,0,0,0,0,1,1,1,0,0,1,1,1,0,0,1,1,1,0,1,1,0,0,0,1,0,0,1,0,1,1,1,0,0,0,0,0
200,0,0,0,0,1,0,0,1,1,1,1,1,0,0,0,0,0,1,1,1,0,0,0,0,1,1,0,0,1,1,1,0,1,1,1,1
201,0,0,0,0,1,0,0,1,0,1,1,1,0,0,0,0,0,0,1,1,0,0,0,0,1,1,1,0,1,1,1,0,1,1,1,0
202,0,0,0,0,1,0,0,0,1,1,1,1,0,0,0,0,1,1,1,1,0,0,0,0,1,0,0,0,1,1,1,0,1,1,0,1
203,0,0,0,0,1,0,0,0,0,1,1,1,0,0,0,0,1,0,1,1,0,0,0,0,1,0,1,0,1,1,1,0,1,1,0,0
204,0,0,0,0,1,0,1,1,1,1,1,1,0,0,0,1,0,1,1,1,0,0,0,0,0,1,0,0,1,1,1,0,1,0,1,1
205,0,0,0,0,1,0,1,1,0,1,1,1,0,0,0,1,0,0,1,1,0,0,0,0,0,1,1,0,1,1,1,0,1,0,1,0
206,0,0,0,0,1,0,1,0,1,1,1,1,0,0,0,1,1,1,1,1,0,0,0,0,0,0,0,0,1,1,1,0,1,0,0,1
207,0,0,0,0,1,0,1,0,0,1,1,1,0,0,0,1,1,0,1,1,0,0,0,0,0,0,1,0,1,1,1,0,1,0,0,0
208,0,0,0,0,0,1,0,1,1,1,1,1,0,1,1,0,0,1,1,1,0,0,1,1,1,1,0,0,1,1,1,1,0,1,1,1
209,0,0,0,0,0,1,0,1,0,1,1,1,0,1,1,0,0,0,1,1,0,0,1,1,1,1,1,0,1,1,1,1,0,1,1,0
210,0,0,0,0,0,1,0,0,1,1,1,1,0,1,1,0,1,1,1,1,0,0,1,1,1,0,0,0,1,1,1,1,0,1,0,1
211,0,0,0,0,0,1,0,0,0,1,1,1,0,1,1,0,1,0,1,1,0,0,1,1,1,0,1,0,1,1,1,1,0,1,0,0
212,0,0,0,0,0,1,1,1,1,1,1,1,0,1,1,1,0,1,1,1,0,0,1,1,0,1,0,0,1,1,1,1,0,0,1,1
213,0,0,0,0,0,1,1,1,0,1,1,1,0,1,1,1,0,0,1,1,0,0,1,1,0,1,1,0,1,1,1,1,0,0,1,0
214,0,0,0,0,0,1,1,0,1,1,1,1,0,1,1,1,1,1,1,1,0,0,1,1,0,0,0,0,1,1,1,1,0,0,0,1
215,0,0,0,0,0,1,1,0,0,1,1,1,0,1,1,1,1,0,1,1,0,0,1,1,0,0,1,0,1,1,1,1,0,0,0,0
216,0,0,0,0,0,0,0,1,1,1,1,1,0,1,0,0,0,1,1,1,0,0,1,0,1,1,0,0,1,1,1,1,1,1,1,1
217,0,0,0,0,0,0,0,1,0,1,1,1,0,1,0,0,0,0,1,1,0,0,1,0,1,1,1,0,1,1,1,1,1,1,1,0
218,0,0,0,0,0,0,0,0,1,1,1,1,0,1,0,0,1,1,1,1,0,0,1,0,1,0,0,0,1,1,1,1,1,1,0,1
219,0,0,0,0,0,0,0,0,0,1,1,1,0,1,0,0,1,0,1,1,0,0,1,0,1,0,1,0,1,1,1,1,1,1,0,0
220,0,0,0,0,0,0,1,1,1,1,1,1,0,1,0,1,0,1,1,1,0,0,1,0,0,1,0,0,1,1,1,1,1,0,1,1
221,0,0,0,0,0,0,1,1,0,1,1,1,0,1,0,1,0,0,1,1,0,0,1,0,0,1,1,0,1,1,1,1,1,0,1,0
222,0,0,0,0,0,0,1,0,1,1,1,1,0,1,0,1,1,1,1,1,0,0,1,0,0,0,0,0,1,1,1,1,1,0,0,1
223,0,0,0,0,0,0,1,0,0,1,1,1,0,1,0,1,1,0,1,1,0,0,1,0,0,0,1,0,1,1,1,1,1,0,0,0
224,0,0,0,1,1,1,0,1,1,1,1,1,1,0,1,0,0,1,1,1,0,1,0,1,1,1,0,0,1,1,0,0,0,1,1,1
225,0,0,0,1,1,1,0,1,0,1,1,1,1,0,1,0,0,0,1,1,0,1,0,1,1,1,1,0,1,1,0,0,0,1,1,0
226,0,0,0,1,1,1,0,0,1,1,1,1,1,0,1,0,1,1,1,1,0,1,0,1,1,0,0,0,1,1,0,0,0,1,0,1
227,0,0,0,1,1,1,0,0,0,1,1,1,1,0,1,0,1,0,1,1,0,1,0,1,1,0,1,0,1,1,0,0,0,1,0,0
228,0,0,0,1,1,1,1,1,1,1,1,1,1,0,1,1,0,1,1,1,0,1,0,1,0,1,0,0,1,1,0,0,0,0,1,1
229,0,0,0,1,1,1,1,1,0,1,1,1,1,0,1,1,0,0,1,1,0,1,0,1,0,1,1,0,1,1,0,0,0,0,1,0
230,0,0,0,1,1,1,1,0,1,1,1,1,1,0,1,1,1,1,1,1,0,1,0,1,0,0,0,0,1,1,0,0,0,0,0,1
231,0,0,0,1,1,1,1,0,0,1,1,1,1,0,1,1,1,0,1,1,0,1,0,1,0,0,1,0,1,1,0,0,0,0,0,0
232,0,0,0,1,1,0,0,1,1,1,1,1,1,0,0,0,0,1,1,1,0,1,0,0,1,1,0,0,1,1,0,0,1,1,1,1
233,0,0,0,1,1,0,0,1,0,1,1,1,1,0,0,0,0,0,1,1,0,1,0,0,1,1,1,0,1,1,0,0,1,1,1,0
234,0,0,0,1,1,0,0,0,1,1,1,1,1,0,0,0,1,1,1,1,0,1,0,0,1,0,0,0,1,1,0,0,1,1,0,1
235,0,0,0,1,1,0,0,0,0,1,1,1,1,0,0,0,1,0,1,1,0,1,0,0,1,0,1,0,1,1,0,0,1,1,0,0
236,0,0,0,1,1,0,1,1,1,1,1,1,1,0,0,1,0,1,1,1,0,1,0,0,0,1,0,0,1,1,0,0,1,0,1,1
237,0,0,0,1,1,0,1,1,0,1,1,1,1,0,0,1,0,0,1,1,0,1,0,0,0,1,1,0,1,1,0,0,1,0,1,0
238,0,0,0,1,1,0,1,0,1,1,1,1,1,0,0,1,1,1,1,1,0,1,0,0,0,0,0,0,1,1,0,0,1,0,0,1
239,0,0,0,1,1,0,1,0,0,1,1,1,1,0,0,1,1,0,1,1,0,1,0,0,0,0,1,0,1,1,0,0,1,0,0,0
240,0,0,0,1,0,1,0,1,1,1,1,1,1,1,1,0,0,1,1,1,0,1,1,1,1,1,0,0,1,1,0,1,0,1,1,1
241,0,0,0,1,0,1,0,1,0,1,1,1,1,1,1,0,0,0,1,1,0,1,1,1,1,1,1,0,1,1,0,1,0,1,1,0
242,0,0,0,1,0,1,0,0,1,1,1,1,1,1,1,0,1,1,1,1,0,1,1,1,1,0,0,0,1,1,0,1,0,1,0,1
243,0,0,0,1,0,1,0,0,0,1,1,1,1,1,1,0,1,0,1,1,0,1,1,1,1,0,1,0,1,1,0,1,0,1,0,0
244,0,0,0,1,0,1,1,1,1,1,1,1,1,1,1,1,0,1,1,1,0,1,1,1,0,1,0,0,1,1,0,1,0,0,1,1
245,0,0,0,1,0,1,1,1,0,1,1,1,1,1,1,1,0,0,1,1,0,1,1,1,0,1,1,0,1,1,0,1,0,0,1,0
246,0,0,0,1,0,1,1,0,1,1,1,1,1,1,1,1,1,1,1,1,0,1,1,1,0,0,0,0,1,1,0,1,0,0,0,1
247,0,0,0,1,0,1,1,0,0,1,1,1,1,1,1,1,1,0,1,1,0,1,1,1,0,0,1,0,1,1,0,1,0,0,0,0
248,0,0,0,1,0,0,0,1,1,1,1,1,1,1,0,0,0,1,1,1,0,1,1,0,1,1,0,0,1,1,0,1,1,1,1,1
249,0,0,0,1,0,0,0,1,0,1,1,1,1,1,0,0,0,0,1,1,0,1,1,0,1,1,1,0,1,1,0,1,1,1,1,0
250,0,0,0,1,0,0,0,0,1,1,1,1,1,1,0,0,1,1,1,1,0,1,1,0,1,0,0,0,1,1,0,1,1,1,0,1
251,0,0,0,1,0,0,0,0,0,1,1,1,1,1,0,0,1,0,1,1,0,1,1,0,1,0,1,0,1,1,0,1,1,1,0,0
252,0,0,0,1,0,0,1,1,1,1,1,1,1,1,0,1,0,1,1,1,0,1,1,0,0,1,0,0,1,1,0,1,1,0,1,1
253,0,0,0,1,0,0,1,1,0,1,1,1,1,1,0,1,0,0,1,1,0,1,1,0,0,1,1,0,1,1,0,1,1,0,1,0
254,0,0,0,1,0,0,1,0,1,1,1,1,1,1,0,1,1,1,1,1,0,1,1,0,0,0,0,0,1,1,0,1,1,0,0,1
255,0,0,0,1,0,0,1,0,0,1,1,1,1,1,0,1,1,0,1,1,0,1,1,0,0,0,1,0,1,1,0,1,1,0,0,0
256,1,1,1,0,1,1,0,1,1,0,0,0,0,0,1,0,0,1,0,0,1,0,0,1,1,1,0,1,0,0,1,0,0,1,1,1
257,1,1,1,0,1,1,0,1,0,0,0,0,0,0,1,0,0,0,0,0,1,0,0,1,1,1,1,1,0,0,1,0,0,1,1,0
258,1,1,1,0,1,1,0,0,1,0,0,0,0,0,1,0,1,1,0,0,1,0,0,1,1,0,0,1,0,0,1,0,0,1,0,1
259,1,1,1,0,1,1,0,0,0,0,0,0,0,0,1,0,1,0,0,0,1,0,0,1,1,0,1,1,0,0,1,0,0,1,0,0
260,1,1,1,0,1,1,1,1,1,0,0,0,0,0,1,1,0,1,0,0,1,0,0,1,0,1,0,1,0,0,1,0,0,0,1,1
261,1,1,1,0,1,1,1,1,0,0,0,0,0,0,1,1,0,0,0,0,1,0,0,1,0,1,1,1,0,0,1,0,0,0,1,0
262,1,1,1,0,1,1,1,0,1,0,0,0,0,0,1,1,1,1,0,0,1,0,0,1,0,0,0,1,0,0,1,0,0,0,0,1
263,1,1,1,0,1,1,1,0,0,0,0,0,0,0,1,1,1,0,0,0,1,0,0,1,0,0,1,1,0,0,1,0,0,0,0,0
264,1,1,1,0,1,0,0,1,1,0,0,0,0,0,0,0,0,1,0,0,1,0,0,0,1,1,0,1,0,0,1,0,1,1,1,1
265,1,1,1,0,1,0,0,1,0,0,0,0,0,0,0,0,0,0,0,0,1,0,0,0,1,1,1,1,0,0,1,0,1,1,1,0
266,1,1,1,0,1,0,0,0,1,0,0,0,0,0,0,0,1,1,0,0,1,0,0,0,1,0,0,1,0,0,1,0,1,1,0,1
267,1,1,1,0,1,0,0,0,0,0,0,0,0,0,0,0,1,0,0,0,1,0,0,0,1,0,1,1,0,0,1,0,1,1,0,0
268,1,1,1,0,1,0,1,1,1,0,0,0,0,0,0,1,0,1,0,0,1,0,0,0,0,1,0,1,0,0,1,0,1,0,1,1
269,1,1,1,0,1,0,1,1,0,0,0,0,0,0,0,1,0,0,0,0,1,0,0,0,0,1,1,1,0,0,1,0,1,0,1,0
270,1,1,1,0,1,0,1,0,1,0,0,0,0,0,0,1,1,1,0,0,1,0,0,0,0,0,0,1,0,0,1,0,1,0,0,1
271,1,1,1,0,1,0,1,0,0,0,0,0,0,0,0,1,1,0,0,0,1,0,0,0,0,0,1,1,0,0,1,0,1,0,0,0
272,1,1,1,0,0,1,0,1,1,0,0,0,0,1,1,0,0,1,0,0,1,0,1,1,1,1,0,1,0,0,1,1,0,1,1,1
273,1,1,1,0,0,1,0,1,0,0,0,0,0,1,1,0,0,0,0,0,1,0,1,1,1,1,1,1,0,0,1,1,0,1,1,0
274,1,1,1,0,0,1,0,0,1,0,0,0,0,1,1,0,1,1,0,0,1,0,1,1,1,0,0,1,0,0,1,1,0,1,0,1
275,1,1,1,0,0,1,0,0,0,0,0,0,0,1,1,0,1,0,0,0,1,0,1,1,1,0,1,1,0,0,1,1,0,1,0,0
276,1,1,1,0,0,1,1,1,1,0,0,0,0,1,1,1,0,1,0,0,1,0,1,1,0,1,0,1,0,0,1,1,0,0,1,1
277,1,1,1,0,0,1,1,1,0,0,0,0,0,1,1,1,0,0,0,0,1,0,1,1,0,1,1,1,0,0,1,1,0,0,1,0
278,1,1,1,0,0,1,1,0,1,0,0,0,0,1,1,1,1,1,0,0,1,0,1,1,0,0,0,1,0,0,1,1,0,0,0,1
279,1,1,1,0,0,1,1,0,0,0,0,0,0,1,1,1,1,0,0,0,1,0,1,1,0,0,1,1,0,0,1,1,0,0,0,0
280,1,1,1,0,0,0,0,1,1,0,0,0,0,1,0,0,0,1,0,0,1,0,1,0,1,1,0,1,0,0,1,1,1,1,1,1
281,1,1,1,0,0,0,0,1,0,0,0,0,0,1,0,0,0,0,0,0,1,0,1,0,1,1,1,1,0,0,1,1,1,1,1,0
282,1,1,1,0,0,0,0,0,1,0,0,0,0,1,0,0,1,1,0,0,1,0,1,0,1,0,0,1,0,0,1,1,1,1,0,1
283,1,1,1,0,0,0,0,0,0,0,0,0,0,1,0,0,1,0,0,0,1,0,1,0,1,0,1,1,0,0,1,1,1,1,0,0
284,1,1,1,0,0,0,1,1,1,0,0,0,0,1,0,1,0,1,0,0,1,0,1,0,0,1,0,1,0,0,1,1,1,0,1,1
285,1,1,1,0,0,0,1,1,0,0,0,0,0,1,0,1,0,0,0,0,1,0,1,0,0,1,1,1,0,0,1,1,1,0,1,0
286,1,1,1,0,0,0,1,0,1,0,0,0,0,1,0,1,1,1,0,0,1,0,1,0,0,0,0,1,0,0,1,1,1,0,0,1
287,1,1,1,0,0,0,1,0,0,0,0,0,0,1,0,1,1,0,0,0,1,0,1,0,0,0,1,1,0,0,1,1,1,0,0,0
288,1,1,1,1,1,1,0,1,1,0,0,0,1,0,1,0,0,1,0,0,1,1,0,1,1,1,0,1,0,0,0,0,0,1,1,1
289,1,1,1,1,1,1,0,1,0,0,0,0,1,0,1,0,0,0,0,0,1,1,0,1,1,1,1,1,0,0,0,0,0,1,1,0
290,1,1,1,1,1,1,0,0,1,0,0,0,1,0,1,0,1,1,0,0,1,1,0,1,1,0,0,1,0,0,0,0,0,1,0,1
291,1,1,1,1,1,1,0,0,0,0,0,0,1,0,1,0,1,0,0,0,1,1,0,1,1,0,1,1,0,0,0,0,0,1,0,0
292,1,1,1,1,1,1,1,1,1,0,0,0,1,0,1,1,0,1,0,0,1,1,0,1,0,1,0,1,0,0,0,0,0,0,1,1
293,1,1,1,1,1,1,1,1,0,0,0,0,1,0,1,1,0,0,0,0,1,1,0,1,0,1,1,1,0,0,0,0,0,0,1,0
294,1,1,1,1,1,1,1,0,1,0,0,0,1,0,1,1,1,1,0,0,1,1,0,1,0,0,0,1,0,0,0,0,0,0,0,1
295,1,1,1,1,1,1,1,0,0,0,0,0,1,0,1,1,1,0,0,0,1,1,0,1,0,0,1,1,0,0,0,0,0,0,0,0
296,1,1,1,1,1,0,0,1,1,0,0,0,1,0,0,0,0,1,0,0,1,1,0,0,1,1,0,1,0,0,0,0,1,1,1,1
297,1,1,1,1,1,0,0,1,0,0,0,0,1,0,0,0,0,0,0,0,1,1,0,0,1,1,1,1,0,0,0,0,1,1,1,0
298,1,1,1,1,1,0,0,0,1,0,0,0,1,0,0,0,1,1,0,0,1,1,0,0,1,0,0,1,0,0,0,0,1,1,0,1
299,1,1,1,1,1,0,0,0,0,0,0,0,1,0,0,0,1,0,0,0,1,1,0,0,1,0,1,1,0,0,0,0,1,1,0,0
300,1,1,1,1,1,0,1,1,1,0,0,0,1,0,0,1,0,1,0,0,1,1,0,0,0,1,0,1,0,0,0,0,1,0,1,1
301,1,1,1,1,1,0,1,1,0,0,0,0,1,0,0,1,0,0,0,0,1,1,0,0,0,1,1,1,0,0,0,0,1,0,1,0
302,1,1,1,1,1,0,1,0,1,0,0,0,1,0,0,1,1,1,0,0,1,1,0,0,0,0,0,1,0,0,0,0,1,0,0,1
303,1,1,1,1,1,0,1,0,0,0,0,0,1,0,0,1,1,0,0,0,1,1,0,0,0,0,1,1,0,0,0,0,1,0,0,0
304,1,1,1,1,0,1,0,1,1,0,0,0,1,1,1,0,0,1,0,0,1,1,1,1,1,1,0,1,0,0,0,1,0,1,1,1
305,1,1,1,1,0,1,0,1,0,0,0,0,1,1,1,0,0,0,0,0,1,1,1,1,1,1,1,1,0,0,0,1,0,1,1,0
306,1,1,1,1,0,1,0,0,1,0,0,0,1,1,1,0,1,1,0,0,1,1,1,1,1,0,0,1,0,0,0,1,0,1,0,1
307,1,1,1,1,0,1,0,0,0,0,0,0,1,1,1,0,1,0,0,0,1,1,1,1,1,0,1,1,0,0,0,1,0,1,0,0
308,1,1,1,1,0,1,1,1,1,0,0,0,1,1,1,1,0,1,0,0,1,1,1,1,0,1,0,1,0,0,0,1,0,0,1,1
309,1,1,1,1,0,1,1,1,0,0,0,0,1,1,1,1,0,0,0,0,1,1,1,1,0,1,1,1,0,0,0,1,0,0,1,0
310,1,1,1,1,0,1,1,0,1,0,0,0,1,1,1,1,1,1,0,0,1,1,1,1,0,0,0,1,0,0,0,1,0,0,0,1
311,1,1,1,1,0,1,1,0,0,0,0,0,1,1,1,1,1,0,0,0,1,1,1,1,0,0,1,1,0,0,0,1,0,0,0,0
312,1,1,1,1,0,0,0,1,1,0,0,0,1,1,0,0,0,1,0,0,1,1,1,0,1,1,0,1,0,0,0,1,1,1,1,1
313,1,1,1,1,0,0,0,1,0,0,0,0,1,1,0,0,0,0,0,0,1,1,1,0,1,1,1,1,0,0,0,1,1,1,1,0
314,1,1,1,1,0,0,0,0,1,0,0,0,1,1,0,0,1,1,0,0,1,1,1,0,1,0,0,1,0,0,0,1,1,1,0,1
315,1,1,1,1,0,0,0,0,0,0,0,0,1,1,0,0,1,0,0,0,1,1,1,0,1,0,1,1,0,0,0,1,1,1,0,0
316,1,1,1,1,0,0,1,1,1,0,0,0,1,1,0,1,0,1,0,0,1,1,1,0,0,1,0,1,0,0,0,1,1,0,1,1
317,1,1,1,1,0,0,1,1,0,0,0,0,1,1,0,1,0,0,0,0,1,1,1,0,0,1,1,1,0,0,0,1,1,0,1,0
318,1,1,1,1,0,0,1,0,1,0,0,0,1,1,0,1,1,1,0,0,1,1,1,0,0,0,0,1,0,0,0,1,1,0,0,1
319,1,1,1,1,0,0,1,0,0,0,0,0,1,1,0,1,1,0,0,0,1,1,1,0,0,0,1,1,0,0,0,1,1,0,0,0
320,1,1,0,0,1,1,0,1,1,0,0,1,0,0,1,0,0,1,0,0,0,0,0,1,1,1,0,1,0,1,1,0,0,1,1,1
321,1,1,0,0,1,1,0,1,0,0,0,1,0,0,1,0,0,0,0,0,0,0,0,1,1,1,1,1,0,1,1,0,0,1,1,0
322,1,1,0,0,1,1,0,0,1,0,0,1,0,0,1,0,1,1,0,0,0,0,0,1,1,0,0,1,0,1,1,0,0,1,0,1
323,1,1,0,0,1,1,0,0,0,0,0,1,0,0,1,0,1,0,0,0,0,0,0,1,1,0,1,1,0,1,1,0,0,1,0,0
324,1,1,0,0,1,1,1,1,1,0,0,1,0,0,1,1,0,1,0,0,0,0,0,1,0,1,0,1,0,1,1,0,0,0,1,1
325,1,1,0,0,1,1,1,1,0,0,0,1,0,0,1,1,0,0,0,0,0,0,0,1,0,1,1,1,0,1,1,0,0,0,1,0
326,1,1,0,0,1,1,1,0,1,0,0,1,0,0,1,1,1,1,0,0,0,0,0,1,0,0,0,1,0,1,1,0,0,0,0,1
327,1,1,0,0,1,1,1,0,0,0,0,1,0,0,1,1,1,0,0,0,0,0,0,1,0,0,1,1,0,1,1,0,0,0,0,0
328,1,1,0,0,1,0,0,1,1,0,0,1,0,0,0,0,0,1,0,0,0,0,0,0,1,1,0,1,0,1,1,0,1,1,1,1
329,1,1,0,0,1,0,0,1,0,0,0,1,0,0,0,0,0,0,0,0,0,0,0,0,1,1,1,1,0,1,1,0,1,1,1,0
330,1,1,0,0,1,0,0,0,1,0,0,1,0,0,0,0,1,1,0,0,0,0,0,0,1,0,0,1,0,1,1,0,1,1,0,1
331,1,1,0,0,1,0,0,0,0,0,0,1,0,0,0,0,1,0,0,0,0,0,0,0,1,0,1,1,0,1,1,0,1,1,0,0
332,1,1,0,0,1,0,1,1,1,0,0,1,0,0,0,1,0,1,0,0,0,0,0,0,0,1,0,1,0,1,1,0,1,0,1,1
333,1,1,0,0,1,0,1,1,0,0,0,1,0,0,0,1,0,0,0,0,0,0,0,0,0,1,1,1,0,1,1,0,1,0,1,0
334,1,1,0,0,1,0,1,0,1,0,0,1,0,0,0,1,1,1,0,0,0,0,0,0,0,0,0,1,0,1,1,0,1,0,0,1
335,1,1,0,0,1,0,1,0,0,0,0,1,0,0,0,1,1,0,0,0,0,0,0,0,0,0,1,1,0,1,1,0,1,0,0,0
336,1,1,0,0,0,1,0,1,1,0,0,1,0,1,1,0,0,1,0,0,0,0,1,1,1,1,0,1,0,1,1,1,0,1,1,1
337,1,1,0,0,0,1,0,1,0,0,0,1,0,1,1,0,0,0,0,0,0,0,1,1,1,1,1,1,0,1,1,1,0,1,1,0
338,1,1,0,0,0,1,0,0,1,0,0,1,0,1,1,0,1,1,0,0,0,0,1,1,1,0,0,1,0,1,1,1,0,1,0,1
339,1,1,0,0,0,1,0,0,0,0,0,1,0,1,1,0,1,0,0,0,0,0,1,1,1,0,1,1,0,1,1,1,0,1,0,0
340,1,1,0,0,0,1,1,1,1,0,0,1,0,1,1,1,0,1,0,0,0,0,1,1,0,1,0,1,0,1,1,1,0,0,1,1
341,1,1,0,0,0,1,1,1,0,0,0,1,0,1,1,1,0,0,0,0,0,0,1,1,0,1,1,1,0,1,1,1,0,0,1,0
342,1,1,0,0,0,1,1,0,1,0,0,1,0,1,1,1,1,1,0,0,0,0,1,1,0,0,0,1,0,1,1,1,0,0,0,1
343,1,1,0,0,0,1,1,0,0,0,0,1,0,1,1,1,1,0,0,0,0,0,1,1,0,0,1,1,0,1,1,1,0,0,0,0
344,1,1,0,0,0,0,0,1,1,0,0,1,0,1,0,0,0,1,0,0,0,0,1,0,1,1,0,1,0,1,1,1,1,1,1,1
345,1,1,0,0,0,0,0,1,0,0,0,1,0,1,0,0,0,0,0,0,0,0,1,0,1,1,1,1,0,1,1,1,1,1,1,0
346,1,1,0,0,0,0,0,0,1,0,0,1,0,1,0,0,1,1,0,0,0,0,1,0,1,0,0,1,0,1,1,1,1,1,0,1
347,1,1,0,0,0,0,0,0,0,0,0,1,0,1,0,0,1,0,0,0,0,0,1,0,1,0,1,1,0,1,1,1,1,1,0,0
348,1,1,0,0,0,0,1,1,1,0,0,1,0,1,0,1,0,1,0,0,0,0,1,0,0,1,0,1,0,1,1,1,1,0,1,1
349,1,1,0,0,0,0,1,1,0,0,0,1,0,1,0,1,0,0,0,0,0,0,1,0,0,1,1,1,0,1,1,1,1,0,1,0
350,1,1,0,0,0,0,1,0,1,0,0,1,0,1,0,1,1,1,0,0,0,0,1,0,0,0,0,1,0,1,1,1,1,0,0,1
351,1,1,0,0,0,0,1,0,0,0,0,1,0,1,0,1,1,0,0,0,0,0,1,0,0,0,1,1,0,1,1,1,1,0,0,0
352,1,1,0,1,1,1,0,1,1,0,0,1,1,0,1,0,0,1,0,0,0,1,0,1,1,1,0,1,0,1,0,0,0,1,1,1
353,1,1,0,1,1,1,0,1,0,0,0,1,1,0,1,0,0,0,0,0,0,1,0,1,1,1,1,1,0,1,0,0,0,1,1,0
354,1,1,0,1,1,1,0,0,1,0,0,1,1,0,1,0,1,1,0,0,0,1,0,1,1,0,0,1,0,1,0,0,0,1,0,1
355,1,1,0,1,1,1,0,0,0,0,0,1,1,0,1,0,1,0,0,0,0,1,0,1,1,0,1,1,0,1,0,0,0,1,0,0
356,1,1,0,1,1,1,1,1,1,0,0,1,1,0,1,1,0,1,0,0,0,1,0,1,0,1,0,1,0,1,0,0,0,0,1,1
357,1,1,0,1,1,1,1,1,0,0,0,1,1,0,1,1,0,0,0,0,0,1,0,1,0,1,1,1,0,1,0,0,0,0,1,0
358,1,1,0,1,1,1,1,0,1,0,0,1,1,0,1,1,1,1,0,0,0,1,0,1,0,0,0,1,0,1,0,0,0,0,0,1
359,1,1,0,1,1,1,1,0,0,0,0,1,1,0,1,1,1,0,0,0,0,1,0,1,0,0,1,1,0,1,0,0,0,0,0,0
360,1,1,0,1,1,0,0,1,1,0,0,1,1,0,0,0,0,1,0,0,0,1,0,0,1,1,0,1,0,1,0,0,1,1,1,1
361,1,1,0,1,1,0,0,1,0,0,0,1,1,0,0,0,0,0,0,0,0,1,0,0,1,1,1,1,0,1,0,0,1,1,1,0
362,1,1,0,1,1,0,0,0,1,0,0,1,1,0,0,0,1,1,0,0,0,1,0,0,1,0,0,1,0,1,0,0,1,1,0,1
363,1,1,0,1,1,0,0,0,0,0,0,1,1,0,0,0,1,0,0,0,0,1,0,0,1,0,1,1,0,1,0,0,1,1,0,0
364,1,1,0,1,1,0,1,1,1,0,0,1,1,0,0,1,0,1,0,0,0,1,0,0,0,1,0,1,0,1,0,0,1,0,1,1
365,1,1,0,1,1,0,1,1,0,0,0,1,1,0,0,1,0,0,0,0,0,1,0,0,0,1,1,1,0,1,0,0,1,0,1,0
366,1,1,0,1,1,0,1,0,1,0,0,1,1,0,0,1,1,1,0,0,0,1,0,0,0,0,0,1,0,1,0,0,1,0,0,1
367,1,1,0,1,1,0,1,0,0,0,0,1,1,0,0,1,1,0,0,0,0,1,0,0,0,0,1,1,0,1,0,0,1,0,0,0
368,1,1,0,1,0,1,0,1,1,0,0,1,1,1,1,0,0,1,0,0,0,1,1,1,1,1,0,1,0,1,0,1,0,1,1,1
369,1,1,0,1,0,1,0,1,0,0,0,1,1,1,1,0,0,0,0,0,0,1,1,1,1,1,1,1,0,1,0,1,0,1,1,0
370,1,1,0,1,0,1,0,0,1,0,0,1,1,1,1,0,1,1,0,0,0,1,1,1,1,0,0,1,0,1,0,1,0,1,0,1
371,1,1,0,1,0,1,0,0,0,0,0,1,1,1,1,0,1,0,0,0,0,1,1,1,1,0,1,1,0,1,0,1,0,1,0,0
372,1,1,0,1,0,1,1,1,1,0,0,1,1,1,1,1,0,1,0,0,0,1,1,1,0,1,0,1,0,1,0,1,0,0,1,1
373,1,1,0,1,0,1,1,1,0,0,0,1,1,1,1,1,0,0,0,0,0,1,1,1,0,1,1,1,0,1,0,1,0,0,1,0
374,1,1,0,1,0,1,1,0,1,0,0,1,1,1,1,1,1,1,0,0,0,1,1,1,0,0,0,1,0,1,0,1,0,0,0,1
375,1,1,0,1,0,1,1,0,0,0,0,1,1,1,1,1,1,0,0,0,0,1,1,1,0,0,1,1,0,1,0,1,0,0,0,0
376,1,1,0,1,0,0,0,1,1,0,0,1,1,1,0,0,0,1,0,0,0,1,1,0,1,1,0,1,0,1,0,1,1,1,1,1
377,1,1,0,1,0,0,0,1,0,0,0,1,1,1,0,0,0,0,0,0,0,1,1,0,1,1,1,1,0,1,0,1,1,1,1,0
378,1,1,0,1,0,0,0,0,1,0,0,1,1,1,0,0,1,1,0,0,0,1,1,0,1,0,0,1,0,1,0,1,1,1,0,1
379,1,1,0,1,0,0,0,0,0,0,0,1,1,1,0,0,1,0,0,0,0,1,1,0,1,0,1,1,0,1,0,1,1,1,0,0
380,1,1,0,1,0,0,1,1,1,0,0,1,1,1,0,1,0,1,0,0,0,1,1,0,0,1,0,1,0,1,0,1,1,0,1,1
381,1,1,0,1,0,0,1,1,0,0,0,1,1,1,0,1,0,0,0,0,0,1,1,0,0,1,1,1,0,1,0,1,1,0,1,0
382,1,1,0,1,0,0,1,0,1,0,0,1,1,1,0,1,1,1,0,0,0,1,1,0,0,0,0,1,0,1,0,1,1,0,0,1
383,1,1,0,1,0,0,1,0,0,0,0,1,1,1,0,1,1,0,0,0,0,1,1,0,0,0,1,1,0,1,0,1,1,0,0,0
384,1,0,1,0,1,1,0,1,1,0,1,0,0,0,1,0,0,1,0,1,1,0,0,1,1,1,0,1,1,0,1,0,0,1,1,1
385,1,0,1,0,1,1,0,1,0,0,1,0,0,0,1,0,0,0,0,1,1,0,0,1,1,1,1,1,1,0,1,0,0,1,1,0
386,1,0,1,0,1,1,0,0,1,0,1,0,0,0,1,0,1,1,0,1,1,0,0,1,1,0,0,1,1,0,1,0,0,1,0,1
387,1,0,1,0,1,1,0,0,0,0,1,0,0,0,1,0,1,0,0,1,1,0,0,1,1,0,1,1,1,0,1,0,0,1,0,0
388,1,0,1,0,1,1,1,1,1,0,1,0,0,0,1,1,0,1,0,1,1,0,0,1,0,1,0,1,1,0,1,0,0,0,1,1
389,1,0,1,0,1,1,1,1,0,0,1,0,0,0,1,1,0,0,0,1,1,0,0,1,0,1,1,1,1,0,1,0,0,0,1,0
390,1,0,1,0,1,1,1,0,1,0,1,0,0,0,1,1,1,1,0,1,1,0,0,1,0,0,0,1,1,0,1,0,0,0,0,1
391,1,0,1,0,1,1,1,0,0,0,1,0,0,0,1,1,1,0,0,1,1,0,0,1,0,0,1,1,1,0,1,0,0,0,0,0
392,1,0,1,0,1,0,0,1,1,0,1,0,0,0,0,0,0,1,0,1,1,0,0,0,1,1,0,1,1,0,1,0,1,1,1,1
393,1,0,1,0,1,0,0,1,0,0,1,0,0,0,0,0,0,0,0,1,1,0,0,0,1,1,1,1,1,0,1,0,1,1,1,0
394,1,0,1,0,1,0,0,0,1,0,1,0,0,0,0,0,1,1,0,1,1,0,0,0,1,0,0,1,1,0,1,0,1,1,0,1
395,1,0,1,0,1,0,0,0,0,0,1,0,0,0,0,0,1,0,0,1,1,0,0,0,1,0,1,1,1,0,1,0,1,1,0,0
396,1,0,1,0,1,0,1,1,1,0,1,0,0,0,0,1,0,1,0,1,1,0,0,0,0,1,0,1,1,0,1,0,1,0,1,1
397,1,0,1,0,1,0,1,1,0,0,1,0,0,0,0,1,0,0,0,1,1,0,0,0,0,1,1,1,1,0,1,0,1,0,1,0
398,1,0,1,0,1,0,1,0,1,0,1,0,0,0,0,1,1,1,0,1,1,0,0,0,0,0,0,1,1,0,1,0,1,0,0,1
399,1,0,1,0,1,0,1,0,0,0,1,0,0,0,0,1,1,0,0,1,1,0,0,0,0,0,1,1,1,0,1,0,1,0,0,0
400,1,0,1,0,0,1,0,1,1,0,1,0,0,1,1,0,0,1,0,1,1,0,1,1,1,1,0,1,1,0,1,1,0,1,1,1
401,1,0,1,0,0,1,0,1,0,0,1,0,0,1,1,0,0,0,0,1,1,0,1,1,1,1,1,1,1,0,1,1,0,1,1,0
402,1,0,1,0,0,1,0,0,1,0,1,0,0,1,1,0,1,1,0,1,1,0,1,1,1,0,0,1,1,0,1,1,0,1,0,1
403,1,0,1,0,0,1,0,0,0,0,1,0,0,1,1,0,1,0,0,1,1,0,1,1,1,0,1,1,1,0,1,1,0,1,0,0
404,1,0,1,0,0,1,1,1,1,0,1,0,0,1,1,1,0,1,0,1,1,0,1,1,0,1,0,1,1,0,1,1,0,0,1,1
405,1,0,1,0,0,1,1,1,0,0,1,0,0,1,1,1,0,0,0,1,1,0,1,1,0,1,1,1,1,0,1,1,0,0,1,0
406,1,0,1,0,0,1,1,0,1,0,1,0,0,1,1,1,1,1,0,1,1,0,1,1,0,0,0,1,1,0,1,1,0,0,0,1
407,1,0,1,0,0,1,1,0,0,0,1,0,0,1,1,1,1,0,0,1,1,0,1,1,0,0,1,1,1,0,1,1,0,0,0,0
408,1,0,1,0,0,0,0,1,1,0,1,0,0,1,0,0,0,1,0,1,1,0,1,0,1,1,0,1,1,0,1,1,1,1,1,1
409,1,0,1,0,0,0,0,1,0,0,1,0,0,1,0,0,0,0,0,1,1,0,1,0,1,1,1,1,1,0,1,1,1,1,1,0
410,1,0,1,0,0,0,0,0,1,0,1,0,0,1,0,0,1,1,0,1,1,0,1,0,1,0,0,1,1,0,1,1,1,1,0,1
411,1,0,1,0,0,0,0,0,0,0,1,0,0,1,0,0,1,0,0,1,1,0,1,0,1,0,1,1,1,0,1,1,1,1,0,0
412,1,0,1,0,0,0,1,1,1,0,1,0,0,1,0,1,0,1,0,1,1,0,1,0,0,1,0,1,1,0,1,1,1,0,1,1
413,1,0,1,0,0,0,1,1,0,0,1,0,0,1,0,1,0,0,0,1,1,0,1,0,0,1,1,1,1,0,1,1,1,0,1,0
414,1,0,1,0,0,0,1,0,1,0,1,0,0,1,0,1,1,1,0,1,1,0,1,0,0,0,0,1,1,0,1,1,1,0,0,1
415,1,0,1,0,0,0,1,0,0,0,1,0,0,1,0,1,1,0,0,1,1,0,1,0,0,0,1,1,1,0,1,1,1,0,0,0
416,1,0,1,1,1,1,0,1,1,0,1,0,1,0,1,0,0,1,0,1,1,1,0,1,1,1,0,1,1,0,0,0,0,1,1,1
417,1,0,1,1,1,1,0,1,0,0,1,0,1,0,1,0,0,0,0,1,1,1,0,1,1,1,1,1,1,0,0,0,0,1,1,0
418,1,0,1,1,1,1,0,0,1,0,1,0,1,0,1,0,1,1,0,1,1,1,0,1,1,0,0,1,1,0,0,0,0,1,0,1
419,1,0,1,1,1,1,0,0,0,0,1,0,1,0,1,0,1,0,0,1,1,1,0,1,1,0,1,1,1,0,0,0,0,1,0,0
420,1,0,1,1,1,1,1,1,1,0,1,0,1,0,1,1,0,1,0,1,1,1,0,1,0,1,0,1,1,0,0,0,0,0,1,1
421,1,0,1,1,1,1,1,1,0,0,1,0,1,0,1,1,0,0,0,1,1,1,0,1,0,1,1,1,1,0,0,0,0,0,1,0
422,1,0,1,1,1,1,1,0,1,0,1,0,1,0,1,1,1,1,0,1,1,1,0,1,0,0,0,1,1,0,0,0,0,0,0,1
423,1,0,1,1,1,1,1,0,0,0,1,0,1,0,1,1,1,0,0,1,1,1,0,1,0,0,1,1,1,0,0,0,0,0,0,0
424,1,0,1,1,1,0,0,1,1,0,1,0,1,0,0,0,0,1,0,1,1,1,0,0,1,1,0,1,1,0,0,0,1,1,1,1
425,1,0,1,1,1,0,0,1,0,0,1,0,1,0,0,0,0,0,0,1,1,1,0,0,1,1,1,1,1,0,0,0,1,1,1,0
426,1,0,1,1,1,0,0,0,1,0,1,0,1,0,0,0,1,1,0,1,1,1,0,0,1,0,0,1,1,0,0,0,1,1,0,1
427,1,0,1,1,1,0,0,0,0,0,1,0,1,0,0,0,1,0,0,1,1,1,0,0,1,0,1,1,1,0,0,0,1,1,0,0
428,1,0,1,1,1,0,1,1,1,0,1,0,1,0,0,1,0,1,0,1,1,1,0,0,0,1,0,1,1,0,0,0,1,0,1,1
429,1,0,1,1,1,0,1,1,0,0,1,0,1,0,0,1,0,0,0,1,1,1,0,0,0,1,1,1,1,0,0,0,1,0,1,0
430,1,0,1,1,1,0,1,0,1,0,1,0,1,0,0,1,1,1,0,1,1,1,0,0,0,0,0,1,1,0,0,0,1,0,0,1
431,1,0,1,1,1,0,1,0,0,0,1,0,1,0,0,1,1,0,0,1,1,1,0,0,0,0,1,1,1,0,0,0,1,0,0,0
432,1,0,1,1,0,1,0,1,1,0,1,0,1,1,1,0,0,1,0,1,1,1,1,1,1,1,0,1,1,0,0,1,0,1,1,1
433,1,0,1,1,0,1,0,1,0,0,1,0,1,1,1,0,0,0,0,1,1,1,1,1,1,1,1,1,1,0,0,1,0,1,1,0
434,1,0,1,1,0,1,0,0,1,0,1,0,1,1,1,0,1,1,0,1,1,1,1,1,1,0,0,1,1,0,0,1,0,1,0,1
435,1,0,1,1,0,1,0,0,0,0,1,0,1,1,1,0,1,0,0,1,1,1,1,1,1,0,1,1,1,0,0,1,0,1,0,0
436,1,0,1,1,0,1,1,1,1,0,1,0,1,1,1,1,0,1,0,1,1,1,1,1,0,1,0,1,1,0,0,1,0,0,1,1
437,1,0,1,1,0,1,1,1,0,0,1,0,1,1,1,1,0,0,0,1,1,1,1,1,0,1,1,1,1,0,0,1,0,0,1,0
438,1,0,1,1,0,1,1,0,1,0,1,0,1,1,1,1,1,1,0,1,1,1,1,1,0,0,0,1,1,0,0,1,0,0,0,1
439,1,0,1,1,0,1,1,0,0,0,1,0,1,1,1,1,1,0,0,1,1,1,1,1,0,0,1,1,1,0,0,1,0,0,0,0
440,1,0,1,1,0,0,0,1,1,0,1,0,1,1,0,0,0,1,0,1,1,1,1,0,1,1,0,1,1,0,0,1,1,1,1,1
441,1,0,1,1,0,0,0,1,0,0,1,0,1,1,0,0,0,0,0,1,1,1,1,0,1,1,1,1,1,0,0,1,1,1,1,0
442,1,0,1,1,0,0,0,0,1,0,1,0,1,1,0,0,1,1,0,1,1,1,1,0,1,0,0,1,1,0,0,1,1,1,0,1
443,1,0,1,1,0,0,0,0,0,0,1,0,1,1,0,0,1,0,0,1,1,1,1,0,1,0,1,1,1,0,0,1,1,1,0,0
444,1,0,1,1,0,0,1,1,1,0,1,0,1,1,0,1,0,1,0,1,1,1,1,0,0,1,0,1,1,0,0,1,1,0,1,1
445,1,0,1,1,0,0,1,1,0,0,1,0,1,1,0,1,0,0,0,1,1,1,1,0,0,1,1,1,1,0,0,1,1,0,1,0
446,1,0,1,1,0,0,1,0,1,0,1,0,1,1,0,1,1,1,0,1,1,1,1,0,0,0,0,1,1,0,0,1,1,0,0,1
447,1,0,1,1,0,0,1,0,0,0,1,0,1,1,0,1,1,0,0,1,1,1,1,0,0,0,1,1,1,0,0,1,1,0,0,0
448,1,0,0,0,1,1,0,1,1,0,1,1,0,0,1,0,0,1,0,1,0,0,0,1,1,1,0,1,1,1,1,0,0,1,1,1
449,1,0,0,0,1,1,0,1,0,0,1,1,0,0,1,0,0,0,0,1,0,0,0,1,1,1,1,1,1,1,1,0,0,1,1,0
450,1,0,0,0,1,1,0,0,1,0,1,1,0,0,1,0,1,1,0,1,0,0,0,1,1,0,0,1,1,1,1,0,0,1,0,1
451,1,0,0,0,1,1,0,0,0,0,1,1,0,0,1,0,1,0,0,1,0,0,0,1,1,0,1,1,1,1,1,0,0,1,0,0
452,1,0,0,0,1,1,1,1,1,0,1,1,0,0,1,1,0,1,0,1,0,0,0,1,0,1,0,1,1,1,1,0,0,0,1,1
453,1,0,0,0,1,1,1,1,0,0,1,1,0,0,1,1,0,0,0,1,0,0,0,1,0,1,1,1,1,1,1,0,0,0,1,0
454,1,0,0,0,1,1,1,0,1,0,1,1,0,0,1,1,1,1,0,1,0,0,0,1,0,0,0,1,1,1,1,0,0,0,0,1
455,1,0,0,0,1,1,1,0,0,0,1,1,0,0,1,1,1,0,0,1,0,0,0,1,0,0,1,1,1,1,1,0,0,0,0,0
456,1,0,0,0,1,0,0,1,1,0,1,1,0,0,0,0,0,1,0,1,0,0,0,0,1,1,0,1,1,1,1,0,1,1,1,1
457,1,0,0,0,1,0,0,1,0,0,1,1,0,0,0,0,0,0,0,1,0,0,0,0,1,1,1,1,1,1,1,0,1,1,1,0
458,1,0,0,0,1,0,0,0,1,0,1,1,0,0,0,0,1,1,0,1,0,0,0,0,1,0,0,1,1,1,1,0,1,1,0,1
459,1,0,0,0,1,0,0,0,0,0,1,1,0,0,0,0,1,0,0,1,0,0,0,0,1,0,1,1,1,1,1,0,1,1,0,0
460,1,0,0,0,1,0,1,1,1,0,1,1,0,0,0,1,0,1,0,1,0,0,0,0,0,1,0,1,1,1,1,0,1,0,1,1
461,1,0,0,0,1,0,1,1,0,0,1,1,0,0,0,1,0,0,0,1,0,0,0,0,0,1,1,1,1,1,1,0,1,0,1,0
462,1,0,0,0,1,0,1,0,1,0,1,1,0,0,0,1,1,1,0,1,0,0,0,0,0,0,0,1,1,1,1,0,1,0,0,1
463,1,0,0,0,1,0,1,0,0,0,1,1,0,0,0,1,1,0,0,1,0,0,0,0,0,0,1,1,1,1,1,0,1,0,0,0
464,1,0,0,0,0,1,0,1,1,0,1,1,0,1,1,0,0,1,0,1,0,0,1,1,1,1,0,1,1,1,1,1,0,1,1,1
465,1,0,0,0,0,1,0,1,0,0,1,1,0,1,1,0,0,0,0,1,0,0,1,1,1,1,1,1,1,1,1,1,0,1,1,0
466,1,0,0,0,0,1,0,0,1,0,1,1,0,1,1,0,1,1,0,1,0,0,1,1,1,0,0,1,1,1,1,1,0,1,0,1
467,1,0,0,0,0,1,0,0,0,0,1,1,0,1,1,0,1,0,0,1,0,0,1,1,1,0,1,1,1,1,1,1,0,1,0,0
468,1,0,0,0,0,1,1,1,1,0,1,1,0,1,1,1,0,1,0,1,0,0,1,1,0,1,0,1,1,1,1,1,0,0,1,1
469,1,0,0,0,0,1,1,1,0,0,1,1,0,1,1,1,0,0,0,1,0,0,1,1,0,1,1,1,1,1,1,1,0,0,1,0
470,1,0,0,0,0,1,1,0,1,0,1,1,0,1,1,1,1,1,0,1,0,0,1,1,0,0,0,1,1,1,1,1,0,0,0,1
471,1,0,0,0,0,1,1,0,0,0,1,1,0,1,1,1,1,0,0,1,0,0,1,1,0,0,1,1,1,1,1,1,0,0,0,0
472,1,0,0,0,0,0,0,1,1,0,1,1,0,1,0,0,0,1,0,1,0,0,1,0,1,1,0,1,1,1,1,1,1,1,1,1
473,1,0,0,0,0,0,0,1,0,0,1,1,0,1,0,0,0,0,0,1,0,0,1,0,1,1,1,1,1,1,1,1,1,1,1,0
474,1,0,0,0,0,0,0,0,1,0,1,1,0,1,0,0,1,1,0,1,0,0,1,0,1,0,0,1,1,1,1,1,1,1,0,1
475,1,0,0,0,0,0,0,0,0,0,1,1,0,1,0,0,1,0,0,1,0,0,1,0,1,0,1,1,1,1,1,1,1,1,0,0
476,1,0,0,0,0,0,1,1,1,0,1,1,0,1,0,1,0,1,0,1,0,0,1,0,0,1,0,1,1,1,1,1,1,0,1,1
477,1,0,0,0,0,0,1,1,0,0,1,1,0,1,0,1,0,0,0,1,0,0,1,0,0,1,1,1,1,1,1,1,1,0,1,0
478,1,0,0,0,0,0,1,0,1,0,1,1,0,1,0,1,1,1,0,1,0,0,1,0,0,0,0,1,1,1,1,1,1,0,0,1
479,1,0,0,0,0,0,1,0,0,0,1,1,0,1,0,1,1,0,0,1,0,0,1,0,0,0,1,1,1,1,1,1,1,0,0,0
480,1,0,0,1,1,1,0,1,1,0,1,1,1,0,1,0,0,1,0,1,0,1,0,1,1,1,0,1,1,1,0,0,0,1,1,1
481,1,0,0,1,1,1,0,1,0,0,1,1,1,0,1,0,0,0,0,1,0,1,0,1,1,1,1,1,1,1,0,0,0,1,1,0
482,1,0,0,1,1,1,0,0,1,0,1,1,1,0,1,0,1,1,0,1,0,1,0,1,1,0,0,1,1,1,0,0,0,1,0,1
483,1,0,0,1,1,1,0,0,0,0,1,1,1,0,1,0,1,0,0,1,0,1,0,1,1,0,1,1,1,1,0,0,0,1,0,0
484,1,0,0,1,1,1,1,1,1,0,1,1,1,0,1,1,0,1,0,1,0,1,0,1,0,1,0,1,1,1,0,0,0,0,1,1
485,1,0,0,1,1,1,1,1,0,0,1,1,1,0,1,1,0,0,0,1,0,1,0,1,0,1,1,1,1,1,0,0,0,0,1,0
486,1,0,0,1,1,1,1,0,1,0,1,1,1,0,1,1,1,1,0,1,0,1,0,1,0,0,0,1,1,1,0,0,0,0,0,1
487,1,0,0,1,1,1,1,0,0,0,1,1,1,0,1,1,1,0,0,1,0,1,0,1,0,0,1,1,1,1,0,0,0,0,0,0
488,1,0,0,1,1,0,0,1,1,0,1,1,1,0,0,0,0,1,0,1,0,1,0,0,1,1,0,1,1,1,0,0,1,1,1,1
489,1,0,0,1,1,0,0,1,0,0,1,1,1,0,0,0,0,0,0,1,0,1,0,0,1,1,1,1,1,1,0,0,1,1,1,0
490,1,0,0,1,1,0,0,0,1,0,1,1,1,0,0,0,1,1,0,1,0,1,0,0,1,0,0,1,1,1,0,0,1,1,0,1
491,1,0,0,1,1,0,0,0,0,0,1,1,1,0,0,0,1,0,0,1,0,1,0,0,1,0,1,1,1,1,0,0,1,1,0,0
492,1,0,0,1,1,0,1,1,1,0,1,1,1,0,0,1,0,1,0,1,0,1,0,0,0,1,0,1,1,1,0,0,1,0,1,1
493,1,0,0,1,1,0,1,1,0,0,1,1,1,0,0,1,0,0,0,1,0,1,0,0,0,1,1,1,1,1,0,0,1,0,1,0
494,1,0,0,1,1,0,1,0,1,0,1,1,1,0,0,1,1,1,0,1,0,1,0,0,0,0,0,1,1,1,0,0,1,0,0,1
495,1,0,0,1,1,0,1,0,0,0,1,1,1,0,0,1,1,0,0,1,0,1,0,0,0,0,1,1,1,1,0,0,1,0,0,0
496,1,0,0,1,0,1,0,1,1,0,1,1,1,1,1,0,0,1,0,1,0,1,1,1,1,1,0,1,1,1,0,1,0,1,1,1
497,1,0,0,1,0,1,0,1,0,0,1,1,1,1,1,0,0,0,0,1,0,1,1,1,1,1,1,1,1,1,0,1,0,1,1,0
498,1,0,0,1,0,1,0,0,1,0,1,1,1,1,1,0,1,1,0,1,0,1,1,1,1,0,0,1,1,1,0,1,0,1,0,1
499,1,0,0,1,0,1,0,0,0,0,1,1,1,1,1,0,1,0,0,1,0,1,1,1,1,0,1,1,1,1,0,1,0,1,0,0
500,1,0,0,1,0,1,1,1,1,0,1,1,1,1,1,1,0,1,0,1,0,1,1,1,0,1,0,1,1,1,0,1,0,0,1,1
501,1,0,0,1,0,1,1,1,0,0,1,1,1,1,1,1,0,0,0,1,0,1,1,1,0,1,1,1,1,1,0,1,0,0,1,0
502,1,0,0,1,0,1,1,0,1,0,1,1,1,1,1,1,1,1,0,1,0,1,1,1,0,0,0,1,1,1,0,1,0,0,0,1
503,1,0,0,1,0,1,1,0,0,0,1,1,1,1,1,1,1,0,0,1,0,1,1,1,0,0,1,1,1,1,0,1,0,0,0,0
504,1,0,0,1,0,0,0,1,1,0,1,1,1,1,0,0,0,1,0,1,0,1,1,0,1,1,0,1,1,1,0,1,1,1,1,1
505,1,0,0,1,0,0,0,1,0,0,1,1,1,1,0,0,0,0,0,1,0,1,1,0,1,1,1,1,1,1,0,1,1,1,1,0
506,1,0,0,1,0,0,0,0,1,0,1,1,1,1,0,0,1,1,0,1,0,1,1,0,1,0,0,1,1,1,0,1,1,1,0,1
507,1,0,0,1,0,0,0,0,0,0,1,1,1,1,0,0,1,0,0,1,0,1,1,0,1,0,1,1,1,1,0,1,1,1,0,0
508,1,0,0,1,0,0,1,1,1,0,1,1,1,1,0,1,0,1,0,1,0,1,1,0,0,1,0,1,1,1,0,1,1,0,1,1
509,1,0,0,1,0,0,1,1,0,0,1,1,1,1,0,1,0,0,0,1,0,1,1,0,0,1,1,1,1,1,0,1,1,0,1,0
510,1,0,0,1,0,0,1,0,1,0,1,1,1,1,0,1,1,1,0,1,0,1,1,0,0,0,0,1,1,1,0,1,1,0,0,1
511,1,0,0,1,0,0,1,0,0,0,1,1,1,1,0,1,1,0,0,1,0,1,1,0,0,0,1,1,1,1,0,1,1,0,0,0
