0,1,1,0,1,0,0,1,0,1,0,1,1,0,1,1,0,0,0,1,1,1,0,1,0,0,0,0,0,1,0,0,1,1,1,0,1
1,0,1,1,0,0,0,0,0,0,0,0,0,0,0,0,1,0,0,0,1,0,0,1,1,0,1,0,0,1,1,1,0,0,1,0,1
2,0,0,0,1,0,0,1,0,0,0,0,0,0,1,1,0,1,1,1,1,1,0,1,1,1,1,1,0,0,1,1,1,0,0,1,0
3,1,1,1,1,1,1,1,1,1,0,0,0,1,0,1,0,1,1,0,1,0,1,1,0,1,1,0,0,1,0,1,1,0,1,0,0
4,1,0,0,0,0,1,0,1,1,1,0,1,1,0,1,0,1,0,0,1,1,0,1,1,1,1,0,0,0,1,0,0,1,0,0,1
5,1,0,1,1,0,1,0,0,0,1,1,0,0,0,0,1,1,0,1,0,1,1,1,1,1,1,1,0,1,0,0,1,1,1,0,0
6,0,1,1,0,1,1,0,1,1,0,1,1,0,1,0,1,0,0,0,1,1,1,1,1,1,1,1,0,0,0,0,1,0,0,1,1
7,0,1,0,1,0,0,1,0,0,1,0,0,1,0,0,0,1,1,0,0,0,1,0,1,0,1,0,0,0,0,0,1,1,1,1,1
8,0,0,0,0,0,0,0,0,1,0,0,0,1,1,1,1,0,0,1,1,0,1,0,0,0,1,0,1,0,0,0,0,0,0,1,1
9,1,0,0,0,1,1,1,0,1,0,1,0,0,1,0,0,0,1,1,0,0,0,1,0,1,1,1,0,1,1,0,0,1,1,1,0
10,1,1,1,0,1,0,1,0,1,1,0,0,0,0,1,0,1,0,1,1,1,1,1,0,0,1,1,1,0,1,1,0,1,1,0,1
11,0,0,0,1,1,0,1,0,1,1,1,1,0,1,1,0,0,0,0,1,0,1,0,1,1,1,0,0,0,1,0,0,0,1,0,0
12,1,0,1,1,0,1,0,0,1,0,0,0,1,0,1,0,0,1,0,0,1,0,0,1,1,1,1,1,0,0,1,0,0,1,1,1
13,0,0,1,0,1,1,1,0,0,1,0,0,1,1,1,0,0,0,0,1,0,0,1,0,1,0,0,0,0,0,1,1,1,0,1,1
14,0,1,1,1,1,0,0,0,1,0,1,1,0,0,0,1,1,1,1,1,0,0,1,0,1,1,1,1,1,0,1,0,1,0,0,0
15,0,0,1,0,0,1,1,1,1,1,0,1,0,0,1,1,0,1,0,0,1,1,1,1,0,1,0,1,0,1,1,1,1,1,1,0
16,1,0,0,0,1,0,0,1,0,0,1,0,0,0,1,0,0,0,1,0,1,1,1,1,1,1,1,1,1,1,1,1,0,0,0,1
17,0,1,0,0,1,1,0,0,0,0,0,1,0,1,1,0,0,1,1,0,1,0,0,1,0,1,0,0,0,0,0,0,0,1,1,0
18,1,0,1,1,1,1,1,1,0,1,0,0,1,0,0,1,1,0,1,1,0,0,1,1,0,1,0,1,0,0,0,1,0,0,0,1
19,1,1,0,1,1,1,0,0,0,0,0,1,1,0,0,1,0,0,0,1,1,1,0,0,1,1,0,1,0,1,0,1,1,1,0,1
20,0,0,0,1,0,0,0,1,1,1,0,1,0,1,1,1,1,1,0,0,0,0,1,1,1,1,1,1,1,0,0,0,0,1,0,1
21,0,0,0,1,0,1,1,0,1,0,1,0,0,0,0,1,0,0,1,1,0,0,0,0,1,1,1,0,0,0,1,1,0,1,0,1
22,1,1,1,0,0,0,1,0,1,0,0,1,1,1,1,1,0,0,1,0,0,1,1,1,1,1,1,0,1,1,1,1,1,1,1,1
23,0,1,0,0,0,0,1,0,1,0,0,0,1,1,0,1,1,0,0,0,1,0,1,0,1,1,1,0,0,0,0,0,1,1,0,0
24,1,0,0,1,0,0,0,0,1,1,0,1,0,1,0,1,0,1,0,0,1,0,0,0,0,1,0,0,0,1,1,1,0,1,1,1
25,0,0,1,0,0,0,1,1,0,0,0,1,1,0,0,1,1,1,0,0,1,0,1,1,1,1,0,0,1,0,0,1,0,0,1,1
26,1,1,0,0,0,0,1,1,1,0,1,1,0,0,0,0,1,1,0,0,0,0,1,1,1,1,0,1,1,1,1,1,1,1,0,0
27,0,0,0,0,0,1,0,0,0,0,1,0,0,1,0,0,1,0,1,1,1,1,0,0,1,1,0,0,1,1,0,0,1,0,0,1
28,0,0,1,0,1,0,1,0,0,0,0,0,1,0,0,0,0,0,0,1,1,1,0,1,0,1,1,0,0,0,1,1,0,0,0,0
29,0,1,1,1,0,1,1,0,0,0,1,0,0,1,1,1,0,1,0,0,0,0,1,1,1,1,0,1,1,0,0,1,0,1,1,0
30,1,1,0,1,0,0,0,0,0,1,1,0,0,1,0,0,0,1,0,1,1,0,1,1,1,1,1,1,0,0,0,1,1,0,0,1
31,1,1,1,1,0,0,1,1,1,0,0,0,1,1,0,1,0,1,1,1,1,1,1,1,1,1,0,1,0,1,1,0,0,0,0,0
32,1,1,0,0,0,1,1,0,1,1,0,0,1,0,1,1,1,1,1,1,1,0,0,1,1,0,1,0,0,0,0,1,0,0,0,0
33,0,0,1,1,1,1,0,0,0,0,0,1,1,0,1,1,1,1,1,0,0,1,1,1,1,1,0,0,0,1,1,0,0,1,0,1
34,0,0,1,0,0,1,1,1,0,1,1,0,1,1,1,1,0,1,1,1,0,1,0,1,1,1,1,0,0,1,1,0,0,0,1,1
35,0,1,0,0,0,1,0,0,1,0,0,1,0,0,0,0,1,0,1,0,0,0,1,1,1,1,1,1,0,1,1,0,0,0,1,1
36,1,1,0,1,1,0,1,0,0,1,1,0,0,0,0,0,1,0,1,0,1,1,0,0,1,1,0,1,0,1,0,1,0,0,1,0
37,0,0,1,1,1,1,0,0,1,1,0,0,0,1,1,0,1,0,0,0,1,1,0,1,1,1,1,1,0,1,0,1,1,0,0,1
38,1,0,1,0,1,0,1,1,0,1,0,0,0,1,1,0,1,1,1,1,1,0,0,1,1,1,0,1,1,0,1,0,1,1,1,0
39,1,0,0,0,1,0,0,0,1,1,0,1,0,1,0,1,0,0,1,1,0,0,1,1,1,1,0,1,0,1,1,1,1,0,0,0
40,1,0,1,1,0,1,1,0,1,1,0,1,0,1,1,0,0,0,1,0,1,1,1,0,1,1,0,0,0,0,1,0,0,0,0,1
41,1,0,1,1,0,0,1,1,1,1,0,0,0,0,0,0,0,0,1,0,1,0,1,1,0,1,1,0,0,1,0,0,0,1,1,0
42,0,0,1,0,0,0,1,0,1,1,1,0,0,1,0,1,0,1,1,0,1,1,0,1,0,1,0,0,0,0,0,0,1,0,0,0
43,1,0,1,0,1,1,0,0,0,1,0,1,1,1,1,1,0,1,0,1,0,1,1,1,0,1,1,1,0,0,0,0,1,0,1,0
44,1,0,1,0,1,0,1,0,1,0,1,0,1,0,0,1,1,0,0,1,0,0,1,1,1,1,1,1,0,1,1,0,0,1,1,0
45,0,1,0,0,1,1,0,0,1,0,1,0,1,0,1,0,0,0,0,0,0,1,1,1,1,1,0,0,1,0,0,0,1,1,0,1
46,0,1,0,1,1,1,0,0,1,0,0,1,1,0,1,1,0,1,0,0,1,1,1,1,0,1,1,1,1,0,1,1,0,0,0,0
47,1,0,1,0,1,0,1,0,1,0,0,1,1,1,1,0,1,1,1,1,0,0,0,0,1,1,1,0,0,0,0,0,0,1,0,1
48,0,0,0,0,0,1,1,1,0,0,0,0,0,1,0,1,1,1,0,0,0,1,0,1,0,1,1,1,0,1,0,1,0,0,0,0
49,1,0,1,0,1,1,0,0,1,0,0,0,0,0,0,1,1,1,1,1,0,1,0,1,0,1,0,0,0,1,0,1,1,1,1,0
50,0,1,1,1,0,0,1,1,0,1,0,1,1,0,1,1,1,0,0,1,0,0,0,1,1,1,1,0,0,1,1,1,0,1,0,0
51,1,0,0,0,1,1,0,0,1,1,0,0,0,0,1,1,0,1,0,1,1,1,0,0,1,1,1,0,1,1,1,0,0,1,0,0
52,1,1,1,0,0,1,0,0,0,1,0,0,0,1,1,0,1,0,0,1,0,1,0,0,1,1,0,1,0,0,0,0,0,1,0,0
53,1,0,1,1,0,1,0,1,1,1,1,0,0,0,0,1,0,0,1,0,0,0,0,1,1,1,0,1,1,1,1,0,0,0,0,0
54,0,0,1,0,0,1,1,0,0,0,0,1,0,0,0,0,0,0,0,1,0,1,1,1,1,1,0,1,0,0,0,0,1,1,1,1
55,1,1,1,1,0,0,0,1,1,1,0,1,0,1,0,0,0,0,1,1,1,0,0,1,1,1,1,0,1,0,1,1,0,1,0,1
56,1,0,1,0,0,0,0,1,1,0,1,0,0,0,1,1,0,0,1,1,1,0,1,0,1,1,0,0,1,0,0,1,0,1,1,0
57,0,0,0,1,0,1,1,1,0,1,0,0,1,1,0,0,0,1,1,0,0,0,1,0,1,1,0,0,0,0,0,0,0,0,1,0
58,0,0,0,1,1,1,1,0,1,1,1,0,0,0,1,0,0,1,1,1,1,1,1,1,0,1,1,1,0,0,0,1,0,1,1,0
59,1,0,0,0,1,0,1,1,0,0,0,1,1,1,0,0,0,1,0,1,1,1,1,0,1,1,0,0,1,1,1,0,1,0,0,1
60,0,1,1,0,1,0,1,0,0,0,0,0,0,1,0,1,1,0,1,1,0,0,0,0,1,1,0,0,0,1,1,0,1,0,1,0
61,0,0,0,0,1,1,0,1,0,0,0,0,0,1,0,1,0,1,1,0,1,0,0,0,1,1,0,1,1,1,1,1,1,1,0,0
62,0,0,0,1,1,0,0,1,0,0,1,0,1,1,0,1,0,0,1,0,0,1,0,1,1,1,1,0,0,1,0,1,1,1,1,1
63,0,0,0,1,1,0,1,0,1,1,0,1,1,0,1,1,1,1,1,0,1,1,0,0,1,1,0,0,1,1,0,0,1,0,0,0
64,1,1,0,0,1,1,1,1,1,1,1,0,1,1,0,0,1,0,0,0,0,1,1,1,1,1,1,1,0,0,0,0,0,0,0,0
65,1,1,0,1,0,0,0,0,1,0,1,1,1,0,0,1,1,1,0,1,1,1,0,1,1,1,1,0,0,1,1,1,1,0,1,0
66,1,0,0,0,1,0,0,0,1,1,0,1,1,1,0,0,1,1,1,0,1,1,1,1,1,0,0,0,0,0,0,1,1,1,1,0
67,0,1,0,0,0,1,0,0,0,1,0,1,0,1,1,0,1,0,0,0,0,0,0,1,1,1,0,0,1,0,1,1,1,0,0,1
68,1,1,0,1,1,0,1,1,1,0,1,1,0,0,1,0,1,1,1,1,1,1,1,1,1,1,0,0,1,0,0,0,0,0,1,1
69,1,0,1,0,0,1,0,0,1,0,0,0,1,1,0,1,1,0,0,1,0,1,1,0,1,1,0,1,1,1,1,1,0,0,0,1
70,1,0,1,1,0,1,1,1,0,0,1,0,1,1,0,0,1,1,0,0,0,0,1,0,1,1,1,0,0,1,1,1,1,1,0,1
71,0,0,0,0,1,1,0,0,0,0,1,0,1,0,0,1,0,1,0,1,1,0,1,1,0,1,0,1,0,0,1,1,1,1,1,1
72,1,1,1,1,0,1,0,0,1,0,0,1,1,0,0,0,0,0,1,1,0,0,1,0,0,1,1,1,0,0,0,0,0,1,0,0
73,1,0,0,1,1,0,0,1,0,1,1,0,1,0,0,0,1,1,1,0,1,1,0,1,1,1,0,0,0,0,1,0,1,0,0,1
74,1,0,0,1,1,1,1,0,0,1,0,0,1,1,1,0,0,0,0,1,1,0,1,0,1,1,1,1,1,0,0,0,0,1,0,1
75,1,0,0,0,0,1,1,0,1,0,0,0,0,0,1,1,1,1,1,0,0,0,1,0,1,1,0,1,0,0,0,1,1,0,1,1
76,1,0,0,0,0,0,0,1,0,0,0,0,1,0,1,1,0,1,0,0,0,1,0,1,1,1,0,0,0,0,0,0,0,1,0,0
77,0,1,1,0,1,0,1,0,1,1,0,0,0,1,0,0,0,1,0,0,1,0,1,1,1,1,1,1,1,1,1,0,0,0,1,0
78,0,1,1,0,0,1,0,0,0,1,0,1,0,0,1,1,0,1,0,0,0,1,1,0,0,1,1,0,0,0,0,1,0,1,0,1
79,0,0,1,1,1,0,0,1,1,0,0,1,0,0,0,0,1,0,1,1,1,1,0,1,0,1,0,1,1,0,0,1,1,0,0,0
80,0,0,0,1,1,1,0,0,1,0,0,1,1,1,1,0,1,1,0,1,0,0,0,0,1,1,1,1,0,1,1,0,1,0,1,0
81,1,1,0,0,0,0,1,0,0,1,1,0,0,1,1,1,0,0,1,0,1,0,0,1,1,1,0,1,0,1,1,0,0,1,0,1
82,1,0,0,0,0,0,1,1,1,0,0,1,1,0,0,1,0,0,1,1,1,1,1,1,0,1,1,1,1,0,0,1,0,1,0,1
83,0,0,1,1,1,0,1,0,1,1,0,0,0,0,0,0,0,1,0,1,1,0,1,0,1,1,0,0,0,1,0,1,1,1,0,1
84,0,0,1,1,0,1,0,1,0,1,1,1,1,0,1,0,1,1,0,1,1,1,1,1,1,1,1,1,0,0,1,1,1,0,1,1
85,0,0,0,0,1,1,0,1,0,1,0,1,1,1,0,0,0,0,0,0,0,1,0,1,0,1,0,1,0,1,1,0,0,1,0,1
86,0,0,1,0,1,1,1,1,0,1,0,1,0,1,0,0,0,1,1,1,1,1,1,0,1,1,1,1,0,1,0,0,0,1,0,0
87,1,0,0,0,0,1,1,0,1,1,0,0,0,0,0,1,0,0,0,1,0,1,0,1,0,0,0,0,0,1,0,0,0,0,0,1
88,0,1,1,0,0,1,0,0,0,0,0,0,1,1,1,1,1,1,0,1,1,0,0,1,1,1,1,0,0,1,0,1,1,1,1,1
89,1,1,0,0,1,1,1,0,0,0,0,0,1,0,0,0,1,0,1,1,1,0,1,1,1,1,0,0,1,1,1,1,0,1,1,1
90,0,0,0,1,0,0,0,0,1,0,0,1,1,0,1,1,1,0,1,1,0,0,1,1,0,1,0,0,0,0,1,1,1,1,1,0
91,1,1,0,0,0,0,1,0,0,0,0,1,0,1,0,0,0,0,1,1,0,1,0,1,1,1,0,0,1,0,0,1,0,0,1,0
92,0,0,1,1,0,1,0,1,1,0,1,1,0,1,0,0,1,1,0,1,1,1,1,1,1,1,0,0,1,1,1,0,0,1,0,0
93,0,1,0,0,0,1,0,1,1,0,0,1,0,1,1,1,0,1,0,1,0,0,1,0,1,1,0,0,1,1,1,1,0,0,1,0
94,1,1,1,0,1,1,0,0,1,0,0,1,0,0,0,1,0,1,0,1,1,0,1,1,1,0,0,0,0,0,1,0,1,1,0,0
95,0,1,0,1,0,0,0,1,1,0,0,0,1,0,0,0,0,0,0,1,1,1,1,0,1,1,1,0,1,1,0,1,0,0,0,0
96,0,0,1,0,1,1,0,1,1,1,0,1,1,0,1,0,0,1,1,1,1,1,0,1,1,1,0,0,1,0,0,1,0,1,1,1
97,0,0,1,0,1,1,1,0,0,0,0,0,0,0,0,1,0,1,0,0,0,0,1,0,0,0,0,1,0,1,0,0,0,1,0,0
98,0,1,0,0,0,0,1,0,1,1,1,0,1,0,0,0,1,0,0,1,0,0,0,0,1,1,1,1,1,0,0,1,1,0,0,1
99,1,0,0,1,1,0,1,0,1,0,0,0,1,0,0,0,0,1,0,1,0,1,1,0,0,1,0,1,0,0,1,0,0,1,1,1
100,1,0,0,0,1,1,1,0,1,0,0,0,0,0,0,0,1,1,0,1,1,0,0,1,1,1,0,1,1,0,0,0,0,0,0,0
101,1,0,0,0,1,0,0,1,0,0,0,1,1,1,0,0,1,0,1,1,1,1,0,0,1,1,1,1,0,0,1,1,0,1,0,0
102,0,0,1,0,0,1,0,1,1,1,0,1,1,1,0,1,1,0,0,0,0,0,1,0,0,1,0,0,0,0,0,1,0,0,0,0
103,0,0,1,0,0,0,1,1,1,0,0,1,0,1,0,1,0,1,0,1,0,0,0,1,1,1,0,1,0,0,1,1,0,1,0,0
104,1,0,0,0,1,1,1,1,1,1,1,0,1,0,0,0,1,1,1,1,0,0,0,0,1,1,0,0,0,1,1,1,0,0,0,0
105,1,0,0,1,0,1,0,0,0,0,0,1,0,0,0,0,0,1,1,0,1,0,1,0,1,0,0,1,0,1,1,1,0,0,0,0
106,1,0,0,0,0,0,1,0,0,1,1,0,0,0,0,0,1,0,0,1,1,0,1,1,0,1,0,0,0,0,0,0,1,1,0,0
107,0,0,0,0,1,1,1,1,1,1,0,0,1,0,0,1,1,1,0,0,1,0,1,0,1,1,1,1,0,0,1,1,0,1,1,0
108,0,1,1,0,1,0,0,0,1,0,0,0,0,0,0,1,1,0,0,0,0,0,0,1,1,1,0,1,0,0,0,1,0,0,0,1
109,0,1,1,1,0,0,0,1,1,0,0,0,0,1,1,0,0,0,0,1,0,0,1,1,1,1,0,0,0,0,0,0,1,0,0,0
110,0,0,0,0,1,1,1,1,0,0,0,1,1,0,1,0,1,0,1,1,0,1,1,1,0,1,1,0,0,0,1,0,1,0,0,1
111,1,0,1,0,0,0,1,1,0,1,0,1,0,1,1,1,1,0,1,1,1,1,1,1,1,1,0,0,0,0,0,1,1,0,0,0
112,0,1,0,0,1,1,0,0,0,0,0,0,0,0,1,1,1,0,1,1,0,1,1,1,1,0,1,0,0,1,0,0,0,1,1,0
113,0,0,1,0,0,0,0,0,0,1,0,0,1,1,0,1,1,1,1,0,1,1,0,1,1,1,0,0,1,1,1,0,0,1,1,0
114,1,0,1,0,1,1,0,1,0,1,1,0,0,0,1,1,0,0,0,0,0,0,0,0,1,1,0,1,0,0,1,1,0,1,1,1
115,1,0,0,0,0,1,0,0,1,1,0,0,1,1,0,0,0,1,0,0,1,1,0,0,1,1,0,1,0,0,0,0,1,0,0,1
116,0,1,0,0,0,0,1,0,0,0,0,1,0,1,1,0,0,0,0,0,1,1,1,0,0,1,0,1,1,1,0,0,0,1,0,0
117,1,0,0,0,0,1,1,1,1,1,0,1,0,0,1,0,1,0,1,0,1,1,0,1,1,1,1,1,1,0,1,0,1,0,0,0
118,0,1,1,1,1,0,0,0,0,1,0,1,0,0,0,0,1,1,1,0,0,1,1,1,0,1,1,1,0,1,0,0,1,0,0,1
119,0,1,0,0,1,1,1,0,0,1,1,1,0,1,0,1,0,0,0,0,1,1,1,1,1,1,0,0,0,1,1,1,1,1,0,0
120,1,0,1,1,1,1,1,1,0,0,1,0,1,1,1,0,0,1,0,1,1,1,0,1,1,1,1,1,1,1,0,1,1,0,1,0
121,1,1,0,1,1,0,0,0,1,0,0,0,0,0,1,1,0,0,1,0,0,1,0,0,1,1,0,1,1,0,1,0,0,1,0,1
122,0,0,1,0,0,0,1,1,0,1,0,0,1,0,1,1,0,1,0,1,0,0,1,0,1,1,1,1,1,0,0,0,0,0,0,0
123,0,0,1,1,0,1,1,1,1,0,0,0,0,0,1,0,0,0,0,0,0,1,0,0,0,1,0,1,0,0,0,1,0,1,0,0
124,1,0,1,0,1,0,1,1,1,1,0,1,1,1,1,1,0,0,1,0,1,0,1,0,1,1,0,1,0,1,0,1,0,0,1,1
125,0,0,1,1,0,1,1,0,0,1,0,1,1,1,1,0,0,1,1,1,1,0,0,0,1,1,1,0,1,1,1,1,1,0,0,1
126,0,1,0,0,1,0,0,1,1,1,0,0,1,0,1,0,1,0,1,0,0,1,1,0,1,1,0,0,1,0,1,0,0,0,1,0
127,0,0,0,0,0,0,1,1,1,1,0,0,0,0,1,1,1,0,0,1,1,1,0,1,1,1,0,1,1,1,1,1,0,0,1,1
128,1,1,0,0,0,1,1,0,1,0,0,0,1,1,0,0,0,1,0,1,0,0,1,1,1,0,0,0,0,1,0,1,1,1,0,1
129,0,1,0,1,1,0,1,1,1,1,1,1,1,1,0,0,1,0,1,1,1,0,1,1,1,1,1,1,0,1,1,0,0,1,1,1
130,0,1,1,0,0,0,1,0,0,0,1,1,0,0,1,0,0,1,0,0,0,0,0,1,1,1,1,0,0,0,1,0,0,0,0,1
131,1,0,1,0,1,0,1,1,1,1,0,0,1,0,0,1,0,0,0,0,1,1,0,1,0,1,0,1,1,1,0,0,1,1,0,0
132,0,0,1,1,1,0,0,0,1,0,0,0,1,1,0,0,0,1,1,0,1,1,1,1,1,1,1,0,1,0,0,0,0,1,0,1
133,1,1,0,1,1,0,1,0,0,0,0,0,1,1,1,0,0,0,1,0,1,1,0,1,0,1,1,0,0,0,1,0,1,1,0,1
134,0,0,0,1,0,0,0,0,1,0,0,0,0,1,0,1,0,1,0,1,1,1,0,1,1,1,1,1,1,1,1,0,1,0,0,1
135,0,1,0,0,1,1,0,1,0,1,0,0,0,1,1,0,1,1,1,0,1,1,1,1,1,1,0,1,0,1,1,0,1,0,1,1
136,0,1,1,1,0,1,1,0,1,1,1,0,1,0,1,0,0,0,0,1,0,0,1,0,1,1,0,1,0,1,1,0,0,0,0,1
137,1,0,0,1,1,1,0,1,1,0,1,1,0,0,1,1,0,1,1,1,0,1,1,1,1,1,0,1,0,0,1,1,1,1,0,1
138,1,1,1,0,1,1,1,0,1,1,0,1,0,0,0,0,1,1,1,0,1,1,1,1,1,0,1,0,0,1,1,1,0,0,0,1
139,1,1,1,0,0,1,1,0,1,1,1,0,1,1,0,0,0,0,1,1,1,0,1,0,1,1,1,0,0,0,1,0,1,1,1,1
140,0,1,0,0,0,1,0,0,0,0,0,1,1,1,1,1,1,0,1,0,1,1,1,0,1,1,1,0,1,0,0,0,0,0,1,1
141,1,0,1,1,1,0,1,0,0,0,0,1,1,0,0,1,1,1,0,0,1,0,0,0,1,1,1,1,1,1,1,1,0,1,0,1
142,0,0,1,1,0,0,0,1,0,0,1,1,0,0,0,0,0,0,1,1,0,1,0,1,1,1,1,0,1,0,1,0,1,0,1,1
143,0,1,1,0,1,1,0,0,1,1,1,0,1,0,0,0,1,1,1,1,0,1,1,1,0,1,1,0,0,0,1,0,0,1,0,1
144,1,0,0,0,1,0,0,0,0,0,0,0,1,1,0,1,1,0,1,0,1,0,1,1,0,1,0,1,1,0,0,0,1,1,0,1
145,1,0,0,0,1,1,0,1,0,0,1,1,0,1,0,0,0,0,0,0,1,0,0,1,1,1,1,0,0,0,0,0,1,1,0,1
146,0,0,1,0,1,0,1,1,1,1,1,0,1,0,0,1,0,0,1,0,1,1,1,0,1,1,1,0,0,0,1,0,0,0,0,1
147,1,1,0,1,0,1,1,0,0,0,0,0,0,0,1,1,0,0,0,0,0,0,1,0,1,1,0,0,0,1,1,0,1,1,0,0
148,0,1,0,0,0,1,1,0,1,0,0,1,1,1,1,1,1,1,1,1,1,1,0,0,0,1,1,1,0,0,1,0,0,1,0,0
149,1,0,0,0,0,1,1,1,1,1,1,0,1,1,1,0,1,0,1,1,1,1,1,0,1,1,1,0,1,1,0,1,0,0,1,1
150,0,1,0,0,0,0,1,0,0,1,0,1,1,0,0,0,0,1,1,1,1,1,1,0,1,1,1,1,0,1,1,1,1,0,1,0
151,0,1,1,1,1,0,1,0,1,0,0,0,1,1,0,0,1,1,0,0,0,1,0,0,1,1,1,0,0,1,0,1,0,0,1,0
152,0,1,1,1,0,1,1,0,1,0,1,0,0,1,0,0,0,0,1,1,0,1,1,1,0,1,1,0,0,1,0,1,0,0,0,0
153,1,0,0,1,1,0,0,1,1,0,0,1,1,1,1,0,0,1,0,0,0,0,0,1,1,1,1,0,1,1,1,1,0,1,0,0
154,0,1,1,1,1,1,0,1,0,0,0,0,1,0,0,1,0,1,1,0,1,0,0,1,1,1,1,0,0,1,0,0,0,0,1,0
155,1,1,0,0,0,0,0,0,0,0,1,0,1,0,1,1,1,0,1,0,1,1,1,1,0,1,0,0,0,1,1,0,1,0,1,1
156,1,0,0,1,0,0,1,0,0,1,0,1,1,0,0,1,1,1,1,1,0,0,1,1,1,1,1,0,0,1,0,0,0,1,1,1
157,0,0,1,0,0,0,0,1,0,0,0,1,0,1,1,0,1,0,1,0,0,0,0,1,1,1,0,1,1,1,0,0,0,0,0,0
158,1,0,0,1,1,1,1,1,0,0,1,0,1,1,0,1,1,1,1,0,0,1,0,0,1,1,0,1,1,0,0,0,0,1,0,0
159,0,0,0,0,0,0,0,0,1,1,1,0,1,1,1,1,1,1,1,1,1,0,1,0,1,1,0,0,0,0,1,0,1,0,0,1
160,0,1,1,1,1,0,1,1,0,0,1,1,0,1,1,1,0,0,0,1,1,1,1,1,1,1,1,1,1,0,0,0,1,1,0,0
161,0,1,1,0,0,1,1,0,1,0,0,0,0,0,1,1,0,0,1,1,1,0,0,1,1,1,0,1,1,0,1,0,1,0,0,1
162,1,1,0,1,0,0,0,0,0,0,0,1,0,0,0,0,1,0,1,0,1,1,1,0,1,1,1,0,0,0,1,1,1,1,1,1
163,0,0,0,1,1,1,0,0,1,1,0,1,0,0,0,0,0,0,0,0,1,0,1,1,0,1,0,0,1,1,0,0,0,0,0,0
164,1,0,0,1,0,1,0,1,0,0,0,0,0,1,1,1,0,0,0,0,1,1,1,1,1,1,0,0,0,0,1,1,1,0,1,1
165,1,1,1,1,1,0,0,0,0,1,0,0,1,1,0,0,1,0,0,1,1,0,1,0,0,1,1,1,0,1,1,1,0,0,0,0
166,0,0,1,1,1,0,0,0,1,1,1,1,1,0,0,0,0,1,1,0,0,0,1,1,1,1,0,1,0,1,1,1,0,1,1,0
167,0,0,1,1,0,1,1,0,0,1,0,0,0,1,1,0,1,1,1,1,1,1,1,1,0,0,0,0,0,1,0,0,0,1,0,1
168,1,1,0,0,1,1,1,0,0,0,0,1,1,0,1,1,1,0,0,1,0,1,1,0,0,1,0,0,0,0,0,1,0,0,1,0
169,0,1,1,1,1,0,1,0,0,1,0,1,1,1,0,1,0,1,0,0,0,1,0,1,1,1,0,1,1,0,1,0,1,0,0,0
170,0,0,0,1,0,1,0,0,1,1,1,0,0,0,0,0,0,0,0,0,1,1,1,0,1,1,1,1,0,1,1,0,1,1,0,0
171,0,1,0,1,1,1,1,0,1,0,0,1,0,1,0,1,1,0,1,0,1,0,1,1,1,1,1,1,1,1,0,1,1,0,0,0
172,1,0,1,1,0,0,1,0,1,1,1,0,1,0,0,1,1,1,0,0,1,0,1,1,0,1,1,1,0,0,1,0,1,0,0,1
173,0,0,0,0,0,0,1,1,0,1,1,0,1,1,0,0,0,1,0,0,0,1,1,1,1,1,0,1,1,1,0,1,0,1,1,1
174,1,0,1,1,1,0,0,0,1,1,1,0,1,1,1,0,1,0,0,1,0,1,1,1,1,1,0,0,0,1,1,0,1,0,1,1
175,0,0,0,0,1,1,1,0,1,0,0,1,1,1,1,0,1,0,0,0,1,1,1,1,0,1,1,0,0,1,0,1,0,1,1,1
176,1,1,0,1,0,1,0,0,1,0,1,0,1,1,0,1,0,0,1,0,1,1,1,0,1,1,1,1,0,0,0,1,1,0,1,0
177,1,0,0,0,1,0,0,0,0,0,0,1,0,0,0,1,1,1,0,0,0,1,1,1,1,1,1,1,0,0,1,1,0,0,1,0
178,0,1,0,0,0,1,1,1,1,0,1,1,1,1,0,1,1,1,1,0,0,1,1,1,1,1,0,0,0,0,1,1,0,0,0,1
179,0,0,1,1,1,0,1,0,1,1,0,1,1,0,1,0,1,1,0,1,1,1,1,1,1,0,1,1,0,1,1,0,0,1,0,0
180,0,1,1,0,1,1,1,0,0,1,0,1,1,0,1,1,0,0,1,0,1,0,0,0,0,1,0,1,0,1,1,1,0,1,0,0
181,0,0,1,1,0,0,1,1,1,1,1,0,0,1,1,0,0,1,1,1,1,1,0,0,1,1,0,1,1,0,0,1,0,0,0,1
182,0,0,1,0,1,0,1,0,1,0,1,1,1,0,0,1,1,1,1,1,1,1,0,1,1,1,0,1,0,0,1,0,1,1,0,1
183,1,0,0,0,1,0,1,0,1,1,1,1,1,0,1,0,0,1,1,0,0,1,1,1,1,1,1,1,0,0,1,0,1,0,1,1
184,1,1,1,0,0,1,1,0,1,0,1,0,0,0,1,0,1,0,0,0,1,1,1,1,1,1,0,0,0,1,0,1,1,1,1,0
185,0,1,1,1,0,0,1,0,0,0,0,0,0,1,0,0,1,0,0,1,1,1,0,0,1,1,0,1,1,0,1,1,1,1,0,1
186,1,0,1,0,1,1,1,0,0,1,1,0,0,1,0,1,1,1,0,1,1,0,1,0,1,1,0,0,0,0,0,1,0,0,1,0
187,0,0,0,1,0,0,1,0,0,1,0,1,0,0,0,1,1,0,1,0,0,1,0,0,0,1,0,1,0,0,1,0,0,1,1,0
188,0,0,0,1,0,0,0,0,1,0,0,0,1,0,0,1,1,0,1,0,1,0,1,1,1,0,0,0,0,1,0,0,0,0,0,1
189,1,1,1,0,0,0,1,0,1,1,1,1,0,0,0,0,1,0,0,1,0,1,1,0,1,1,1,0,1,1,1,0,0,0,0,0
190,1,0,1,1,0,0,0,0,1,1,0,0,1,0,1,0,1,1,1,0,1,1,1,0,0,1,0,1,0,1,1,1,0,0,1,1
191,1,1,1,1,1,1,0,1,0,1,1,0,0,1,1,0,0,1,1,1,0,1,1,1,1,1,1,0,1,0,0,0,0,1,1,0
192,0,1,0,0,0,1,0,0,0,1,0,0,1,0,1,1,0,0,1,1,1,1,1,1,0,1,0,1,0,0,0,1,1,0,0,0
193,1,0,1,1,1,1,1,0,1,0,0,0,1,0,1,1,0,0,1,1,1,0,1,0,0,1,0,1,0,1,1,0,1,0,1,0
194,0,1,1,0,1,0,0,0,0,0,0,0,1,0,1,0,0,1,1,1,0,1,0,1,1,1,0,0,1,1,1,1,1,1,0,0
195,1,0,1,0,1,1,0,0,0,0,0,0,0,0,1,0,1,0,1,1,1,0,1,0,1,1,1,0,1,0,1,0,1,0,0,0
196,1,0,0,1,0,1,1,1,1,1,0,1,1,0,0,0,0,0,0,1,0,1,0,1,1,1,1,0,0,0,0,1,1,1,0,0
197,0,0,0,1,1,1,0,1,0,1,0,0,0,0,1,1,1,0,0,0,0,1,1,0,1,1,1,0,0,0,0,0,1,0,0,0
198,0,0,0,1,1,0,1,0,0,0,0,1,0,1,0,0,1,1,1,1,0,1,0,1,1,0,1,1,0,0,0,0,1,1,1,0
199,1,1,1,0,0,1,1,0,0,1,0,1,1,0,0,0,1,0,1,0,1,0,0,0,1,1,0,1,1,0,0,0,0,0,0,1
200,1,0,1,0,0,0,1,1,1,0,0,0,0,1,1,0,1,0,0,0,1,1,1,0,1,1,1,1,1,0,1,0,0,1,1,1
201,0,0,1,1,0,1,1,0,0,1,1,0,1,0,0,0,1,0,1,0,1,0,0,1,0,1,1,0,0,1,1,1,0,0,1,1
202,1,1,1,0,1,0,0,0,1,1,1,1,1,1,0,0,0,1,0,1,0,0,1,1,1,1,0,1,1,0,0,0,0,1,0,1
203,0,0,1,0,1,1,1,0,0,0,1,0,1,0,1,1,0,1,1,1,1,1,1,0,1,1,0,1,1,1,0,1,0,1,0,1
204,1,0,0,0,1,0,1,1,0,0,1,0,0,1,0,0,0,1,1,1,0,0,0,0,1,1,1,1,0,0,0,1,0,0,1,1
205,1,1,1,1,0,1,1,0,1,0,0,1,0,1,1,1,1,0,0,1,0,1,0,1,1,1,1,1,0,0,1,1,0,0,1,0
206,0,1,0,0,0,1,0,1,1,0,0,0,1,0,0,1,1,1,1,1,1,1,1,1,1,1,0,0,1,0,0,0,1,1,1,0
207,0,0,1,0,1,1,1,0,0,0,1,0,0,0,0,0,1,0,0,0,0,0,0,0,1,1,0,0,1,0,0,1,1,1,0,0
208,0,0,0,0,0,1,1,0,0,1,0,0,0,0,1,0,0,1,1,0,0,1,0,1,1,1,1,1,0,1,1,1,1,1,0,1
209,0,0,1,1,1,1,0,1,0,1,1,1,0,0,0,1,0,1,0,0,1,1,0,1,1,1,0,1,0,0,0,1,0,0,0,0
210,0,0,0,1,0,1,1,0,1,0,0,1,0,0,1,0,1,1,0,0,0,1,1,0,1,1,1,0,1,1,1,1,0,0,0,1
211,0,0,1,1,1,1,1,0,0,1,1,0,0,1,1,1,1,1,1,1,0,0,1,0,1,1,1,1,0,1,0,0,1,0,0,1
212,0,1,0,1,0,0,0,0,0,1,0,0,0,0,0,1,1,1,0,1,1,0,1,0,1,1,0,1,0,1,1,0,0,0,1,1
213,0,0,0,1,1,0,1,0,0,0,0,1,0,1,0,1,0,0,0,0,0,0,1,1,0,1,0,0,0,0,0,1,0,1,0,1
214,0,1,1,0,0,1,0,0,1,1,0,0,0,0,0,1,1,0,0,0,1,1,0,0,0,1,1,1,0,1,0,0,0,0,1,0
215,0,0,0,0,1,0,1,0,0,1,1,1,0,0,1,0,1,1,1,0,1,1,1,0,1,1,0,0,0,0,1,1,0,1,0,1
216,0,0,0,1,1,1,1,1,0,0,0,0,1,1,1,1,1,0,0,1,1,1,0,1,1,1,0,0,0,1,1,0,0,0,0,0
217,1,0,1,0,1,0,0,1,0,1,0,1,0,1,0,1,1,0,0,1,1,0,1,1,1,1,0,0,0,1,1,0,0,1,1,1
218,1,1,1,1,0,0,1,1,0,0,1,0,1,0,0,1,0,0,0,1,0,0,0,1,1,1,0,1,0,0,0,0,1,1,0,1
219,0,0,1,0,0,0,0,1,1,1,0,0,0,0,0,0,1,1,0,1,0,1,0,0,1,1,1,1,1,1,1,1,1,1,0,0
220,1,1,1,0,0,0,0,0,0,0,0,1,1,1,0,0,1,1,1,0,1,1,1,1,0,1,0,1,1,0,1,1,0,0,0,0
221,0,1,0,0,1,1,1,0,0,0,1,0,0,0,1,1,1,0,1,0,0,0,1,1,0,1,0,1,0,0,1,0,0,0,0,0
222,1,0,1,0,1,0,1,0,0,1,0,0,1,1,1,1,0,0,0,0,0,1,0,0,1,1,1,0,0,1,0,0,1,0,0,1
223,1,1,1,0,0,0,0,1,1,1,0,0,0,1,0,0,1,1,1,1,1,1,0,0,1,1,0,0,0,1,0,0,0,0,1,1
224,0,0,1,0,0,0,0,0,1,0,0,0,1,1,1,0,1,0,0,0,1,1,1,1,0,1,1,0,1,1,1,0,1,0,0,0
225,1,0,0,0,0,1,0,0,1,0,0,0,0,1,1,0,0,1,1,1,0,1,1,1,0,1,0,0,1,0,1,0,0,1,0,1
226,1,0,0,1,1,1,1,0,1,0,0,1,1,0,0,0,1,1,0,0,0,1,1,1,0,1,0,1,0,1,0,1,1,0,0,0
227,0,0,1,0,1,1,0,0,0,1,0,1,1,0,0,1,1,1,1,1,1,0,1,1,0,1,1,1,1,1,0,1,1,1,0,0
228,1,0,0,1,0,1,0,0,0,1,0,0,0,1,1,0,1,0,1,0,0,1,0,0,0,1,1,0,0,0,0,1,0,0,1,1
229,1,0,0,0,0,0,1,0,1,0,0,1,0,0,1,0,1,1,0,1,1,1,0,0,1,1,0,0,0,0,1,0,1,1,1,0
230,0,0,0,0,0,0,0,0,0,1,0,0,1,1,0,1,0,1,1,0,0,0,0,1,0,1,1,0,0,0,1,1,0,0,0,1
231,1,1,0,1,0,0,0,0,0,1,0,1,0,1,0,1,0,0,1,0,0,1,1,1,1,0,0,0,0,0,0,0,1,0,0,1
232,1,0,1,0,0,0,0,0,0,0,0,1,0,1,1,0,0,0,1,1,1,0,0,0,0,1,0,1,0,0,1,0,1,1,0,1
233,1,0,0,0,1,1,1,1,0,1,1,0,0,1,0,1,0,1,1,1,1,1,1,1,0,1,1,0,0,0,1,1,1,0,0,1
234,1,1,0,0,1,1,0,0,1,0,1,0,0,1,1,0,1,1,0,0,0,0,1,1,1,1,1,0,0,0,1,1,0,1,1,1
235,1,1,0,0,1,0,1,1,0,0,0,1,0,0,1,1,0,1,1,0,1,0,1,1,1,1,0,0,0,1,1,1,1,0,1,0
236,1,1,1,1,1,1,0,0,0,1,0,1,1,0,1,0,1,0,0,0,0,0,1,1,1,1,1,0,0,1,0,1,0,0,1,1
237,1,0,0,1,1,0,1,0,1,0,1,0,0,1,0,0,0,1,0,0,1,1,1,1,1,1,0,0,0,0,1,1,0,0,0,0
238,1,0,1,1,1,1,0,1,1,1,1,0,1,1,0,0,0,0,0,1,1,0,1,1,1,1,0,1,0,0,1,1,1,1,0,0
239,1,1,1,0,0,0,0,0,0,0,1,0,0,0,0,0,1,0,1,1,1,0,0,1,1,1,1,1,0,1,1,1,1,1,0,0
240,0,1,0,0,1,0,1,1,1,0,0,0,1,1,1,1,0,0,1,1,0,1,0,1,1,1,1,1,1,0,1,1,0,0,0,0
241,1,0,1,1,1,0,0,0,0,0,0,1,0,1,1,0,0,1,0,1,1,1,1,1,0,1,1,0,0,0,1,1,0,1,1,1
242,0,0,1,1,0,0,1,1,1,1,0,1,1,1,0,0,1,0,0,0,1,0,0,0,1,1,0,1,0,1,1,0,1,0,0,1
243,0,0,0,1,0,0,0,0,1,0,1,0,0,0,1,0,1,1,1,1,0,1,1,1,1,1,1,0,0,1,0,0,1,1,0,1
244,1,1,0,0,1,0,0,0,1,1,0,0,1,0,1,1,0,1,0,1,1,1,1,1,1,1,1,1,0,1,0,1,0,0,1,1
245,1,1,0,1,1,1,1,0,0,0,1,0,0,1,0,1,1,0,0,1,1,1,1,1,1,1,1,1,0,1,1,0,1,0,1,1
246,0,1,0,0,0,1,1,0,1,1,0,1,0,0,0,0,0,1,1,1,0,0,0,0,1,1,0,1,1,1,0,1,0,1,0,0
247,0,0,1,1,0,0,1,0,1,1,0,1,0,0,1,1,1,0,1,1,1,0,0,1,0,1,1,1,0,1,0,0,0,0,0,1
248,0,1,1,1,0,0,0,0,0,1,1,1,0,1,0,1,1,1,1,1,0,0,0,1,1,1,0,0,0,0,0,0,0,1,0,0
249,0,1,0,0,1,1,0,1,0,1,0,1,1,0,0,0,1,1,0,1,1,0,1,1,1,1,1,0,1,0,1,0,0,0,0,0
